

exact wire length per path (in segments): 
 
net#:	path#:	CHAN:	IPAD:	OPAD:	SWITCH:	COMB:	FFIN:	FFOUT:
---	---	---	---	---	---	---	---	---
[265]	-0-	18	0	1	21	1	0	2
[1060]	-0-	600	1	0	766	49	1	36
[673]	-0-	17	0	0	22	1	1	0
[234]	-0-	14	0	0	15	0	1	1
[234]	-1-	0	0	0	1	0	1	0
[234]	-2-	0	0	0	1	0	1	0
[108]	-0-	140	0	0	156	4	1	7
[768]	-0-	1	0	0	2	0	1	1
[361]	-0-	2	0	0	3	0	1	1
[961]	-0-	22	1	1	26	1	0	2
[961]	-1-	2	0	0	3	0	1	0
[430]	-0-	119	0	0	146	7	1	16
[127]	-0-	87	0	0	113	7	1	5
[580]	-0-	174	1	0	183	2	1	5
[1037]	-0-	62	0	0	82	6	1	2
[707]	-0-	7	0	0	12	1	1	0
[1045]	-0-	69	0	0	74	1	1	1
[877]	-0-	1	0	0	2	0	1	0
[1005]	-0-	9	0	0	10	0	1	1
[1005]	-1-	1	0	0	2	0	1	0
[1005]	-2-	0	0	0	1	0	1	0
[1005]	-3-	1	0	0	2	0	1	0
[299]	-0-	1	0	0	2	0	1	1
[527]	-0-	1	0	0	2	0	1	1
[831]	-0-	179	0	0	275	25	1	2
[192]	-0-	57	0	0	61	1	1	2
[192]	-1-	15	0	0	16	0	1	0
[192]	-2-	2	0	0	3	0	1	0
[192]	-3-	5	0	0	6	0	1	0
[192]	-4-	2	0	0	3	0	1	0
[192]	-5-	0	0	0	1	0	1	0
[192]	-6-	0	0	0	1	0	1	0
[192]	-7-	2	0	0	3	0	1	0
[991]	-0-	17	1	0	21	1	1	2
[991]	-1-	4	0	1	5	0	0	0
[1064]	-0-	38	0	0	43	1	1	1
[728]	-0-	3	0	0	4	0	1	0
[297]	-0-	51	0	0	56	1	1	3
[805]	-0-	1	0	0	2	0	1	1
[962]	-0-	2	0	0	3	0	1	1
[962]	-1-	4	0	0	5	0	1	0
[962]	-2-	1	0	0	2	0	1	0
[556]	-0-	14	0	1	17	1	0	2
[538]	-0-	1	0	0	2	0	1	1
[480]	-0-	17	0	1	20	1	0	2
[344]	-0-	20	0	0	21	0	1	1
[344]	-1-	1	0	0	2	0	1	0
[344]	-2-	0	0	0	1	0	1	0
[344]	-3-	2	0	0	3	0	1	0
[312]	-0-	1	0	0	2	0	1	1
[312]	-1-	8	0	0	9	0	1	0
[196]	-0-	6	0	1	9	1	0	2
[774]	-0-	2	0	0	3	0	1	0
[1002]	-0-	28	0	0	39	3	1	0
[326]	-0-	7	0	0	12	1	1	1
[420]	-0-	55	0	0	60	1	1	3
[289]	-0-	72	0	0	92	6	1	6
[726]	-0-	50	0	0	55	1	1	0
[813]	-0-	1	0	0	2	0	1	1
[813]	-1-	2	0	0	3	0	1	0
[1021]	-0-	22	0	0	27	1	1	1
[359]	-0-	7	0	0	8	0	1	0
[359]	-1-	1	0	0	2	0	1	0
[654]	-0-	17	0	1	20	1	0	1
[945]	-0-	1	0	0	2	0	1	1
[450]	-0-	8	0	0	9	0	1	1
[450]	-1-	2	0	0	3	0	1	0
[833]	-0-	1	0	0	2	0	1	1
[168]	-0-	10	1	1	14	1	0	2
[168]	-1-	17	0	0	18	0	1	0
[428]	-0-	15	0	0	22	2	1	0
[296]	-0-	14	0	0	15	0	1	1
[296]	-1-	0	0	0	1	0	1	0
[296]	-2-	10	0	0	11	0	1	0
[951]	-0-	2	0	0	3	0	1	1
[12]	-0-	0	0	0	1	0	1	0
[1017]	-0-	2	0	0	3	0	1	1
[115]	-0-	786	0	0	992	59	1	28
[818]	-0-	20	0	0	21	0	1	0
[686]	-0-	2	0	0	3	0	1	0
[519]	-0-	1	0	0	2	0	1	1
[920]	-0-	1	0	0	2	0	1	1
[753]	-0-	1	0	0	2	0	1	1
[999]	-0-	1	0	0	2	0	1	1
[932]	-0-	9	0	1	12	1	0	2
[638]	-0-	6	0	0	9	1	1	0
[638]	-1-	2	0	0	3	0	1	0
[156]	-0-	7	0	0	12	1	1	0
[156]	-1-	5	0	0	6	0	1	0
[156]	-2-	4	0	0	5	0	1	0
[156]	-3-	7	0	0	8	0	1	0
[380]	-0-	92	0	0	97	1	1	1
[684]	-0-	12	0	1	15	1	0	2
[892]	-0-	6	1	1	10	1	0	2
[892]	-1-	43	0	0	44	0	1	0
[447]	-0-	7	0	0	8	0	1	0
[447]	-1-	5	0	0	6	0	1	0
[447]	-2-	3	0	0	4	0	1	0
[271]	-0-	8	0	0	13	1	1	0
[384]	-0-	1	0	0	2	0	1	1
[85]	-0-	1	0	0	2	0	1	1
[260]	-0-	2	0	0	3	0	1	0
[338]	-0-	1	0	0	2	0	1	0
[35]	-0-	9	0	0	10	0	1	0
[35]	-1-	0	0	0	1	0	1	0
[35]	-2-	0	0	0	1	0	1	0
[890]	-0-	1	0	0	2	0	1	1
[503]	-0-	1	0	0	2	0	1	0
[503]	-1-	0	0	0	1	0	1	0
[503]	-2-	1	0	0	2	0	1	0
[378]	-0-	12	0	1	15	1	0	2
[605]	-0-	31	0	0	34	1	1	0
[605]	-1-	1	0	0	2	0	1	0
[605]	-2-	22	0	0	23	0	1	0
[567]	-0-	1	0	0	2	0	1	1
[979]	-0-	11	0	0	16	1	1	0
[467]	-0-	29	0	0	34	1	1	1
[676]	-0-	1	0	0	2	0	1	1
[136]	-0-	37	0	0	42	1	1	1
[1049]	-0-	25	0	0	30	1	1	1
[540]	-0-	97	0	0	102	1	1	1
[354]	-0-	1	0	0	2	0	1	0
[433]	-0-	2	0	0	3	0	1	1
[363]	-0-	2	0	0	3	0	1	1
[697]	-0-	9	0	0	12	1	1	0
[697]	-1-	1	0	0	2	0	1	0
[485]	-0-	10	0	1	13	1	0	2
[253]	-0-	8	1	1	12	1	0	2
[253]	-1-	10	0	0	11	0	1	0
[784]	-0-	16	0	0	21	1	1	1
[481]	-0-	3	0	0	4	0	1	0
[72]	-0-	1	0	0	2	0	1	1
[292]	-0-	21	0	0	26	1	1	1
[151]	-0-	0	0	0	1	0	1	0
[424]	-0-	26	0	0	27	0	1	0
[424]	-1-	1	0	0	2	0	1	0
[424]	-2-	0	0	0	1	0	1	0
[424]	-3-	0	0	0	1	0	1	0
[294]	-0-	1	0	0	2	0	1	0
[294]	-1-	0	0	0	1	0	1	0
[364]	-0-	13	0	0	18	1	1	0
[814]	-0-	0	0	0	1	0	1	0
[814]	-1-	0	0	0	1	0	1	0
[814]	-2-	5	0	0	6	0	1	0
[814]	-3-	0	0	0	1	0	1	0
[814]	-4-	0	0	0	1	0	1	0
[814]	-5-	2	0	0	3	0	1	0
[814]	-6-	3	0	0	4	0	1	0
[814]	-7-	1	0	0	2	0	1	0
[814]	-8-	1	0	0	2	0	1	0
[814]	-9-	2	0	0	3	0	1	0
[944]	-0-	0	0	0	1	0	1	0
[944]	-1-	0	0	0	1	0	1	0
[42]	-0-	1	0	0	2	0	1	1
[696]	-0-	15	0	0	16	0	1	0
[696]	-1-	0	0	0	1	0	1	0
[696]	-2-	2	0	0	3	0	1	0
[696]	-3-	0	0	0	1	0	1	0
[214]	-0-	20	1	1	24	1	0	2
[214]	-1-	9	0	0	10	0	1	0
[405]	-0-	1	0	0	2	0	1	1
[131]	-0-	2	0	0	3	0	1	0
[131]	-1-	4	0	0	5	0	1	0
[131]	-2-	0	0	0	1	0	1	0
[919]	-0-	9	0	0	10	0	1	0
[889]	-0-	1	0	0	2	0	1	1
[124]	-0-	10	0	1	13	1	0	2
[1030]	-0-	1	0	0	2	0	1	0
[1030]	-1-	1	0	0	2	0	1	0
[1030]	-2-	7	0	0	8	0	1	0
[1030]	-3-	14	0	0	15	0	1	0
[1030]	-4-	3	0	0	4	0	1	0
[1030]	-5-	0	0	0	1	0	1	0
[1030]	-6-	0	0	0	1	0	1	0
[1030]	-7-	6	0	0	7	0	1	0
[1030]	-8-	1	0	0	2	0	1	0
[1030]	-9-	5	0	0	6	0	1	0
[1030]	-10-	1	0	0	2	0	1	0
[1030]	-11-	3	0	0	4	0	1	0
[1030]	-12-	0	0	0	1	0	1	0
[1030]	-13-	2	0	0	3	0	1	0
[1030]	-14-	1	0	0	2	0	1	0
[1030]	-15-	0	0	0	1	0	1	0
[1030]	-16-	1	0	0	2	0	1	0
[1030]	-17-	0	0	0	1	0	1	0
[1030]	-18-	0	0	0	1	0	1	0
[1030]	-19-	5	0	0	6	0	1	0
[1030]	-20-	0	0	0	1	0	1	0
[1030]	-21-	0	0	0	1	0	1	0
[1030]	-22-	1	0	0	2	0	1	0
[1030]	-23-	2	0	0	3	0	1	0
[1030]	-24-	0	0	0	1	0	1	0
[1030]	-25-	0	0	0	1	0	1	0
[1030]	-26-	1	0	0	2	0	1	0
[1030]	-27-	1	0	0	2	0	1	0
[1030]	-28-	11	0	0	12	0	1	0
[1030]	-29-	3	0	0	4	0	1	0
[1030]	-30-	1	0	0	2	0	1	0
[1030]	-31-	3	0	0	4	0	1	0
[1030]	-32-	0	0	0	1	0	1	0
[1030]	-33-	0	0	0	1	0	1	0
[1030]	-34-	1	0	0	2	0	1	0
[1030]	-35-	2	0	0	3	0	1	0
[1030]	-36-	0	0	0	1	0	1	0
[1030]	-37-	0	0	0	1	0	1	0
[1030]	-38-	1	0	0	2	0	1	0
[1030]	-39-	2	0	0	3	0	1	0
[1030]	-40-	5	0	0	6	0	1	0
[1030]	-41-	0	0	0	1	0	1	0
[1030]	-42-	0	0	0	1	0	1	0
[1030]	-43-	3	0	0	4	0	1	0
[1030]	-44-	0	0	0	1	0	1	0
[1030]	-45-	9	0	0	10	0	1	0
[1030]	-46-	2	0	0	3	0	1	0
[1030]	-47-	4	0	0	5	0	1	0
[1030]	-48-	2	0	0	3	0	1	0
[1030]	-49-	0	0	0	1	0	1	0
[1030]	-50-	10	0	0	11	0	1	0
[1030]	-51-	3	0	0	4	0	1	0
[1030]	-52-	3	0	0	4	0	1	0
[1030]	-53-	1	0	0	2	0	1	0
[1030]	-54-	2	0	0	3	0	1	0
[1030]	-55-	6	0	0	7	0	1	0
[1030]	-56-	1	0	0	2	0	1	0
[1030]	-57-	0	0	0	1	0	1	0
[1030]	-58-	4	0	0	5	0	1	0
[1030]	-59-	1	0	0	2	0	1	0
[1030]	-60-	0	0	0	1	0	1	0
[1030]	-61-	1	0	0	2	0	1	0
[1030]	-62-	2	0	0	3	0	1	0
[1030]	-63-	1	0	0	2	0	1	0
[1030]	-64-	1	0	0	2	0	1	0
[1030]	-65-	2	0	0	3	0	1	0
[1030]	-66-	3	0	0	4	0	1	0
[1030]	-67-	3	0	0	4	0	1	0
[1030]	-68-	3	0	0	4	0	1	0
[1030]	-69-	0	0	0	1	0	1	0
[1030]	-70-	0	0	0	1	0	1	0
[1030]	-71-	1	0	0	2	0	1	0
[1030]	-72-	0	0	0	1	0	1	0
[1030]	-73-	1	0	0	2	0	1	0
[1030]	-74-	1	0	0	2	0	1	0
[1030]	-75-	4	0	0	5	0	1	0
[1030]	-76-	0	0	0	1	0	1	0
[1030]	-77-	1	0	0	2	0	1	0
[1030]	-78-	0	0	0	1	0	1	0
[1030]	-79-	0	0	0	1	0	1	0
[1030]	-80-	2	0	0	3	0	1	0
[1030]	-81-	3	0	1	4	0	0	0
[1030]	-82-	8	0	0	9	0	1	0
[1030]	-83-	0	0	0	1	0	1	0
[1030]	-84-	0	0	0	1	0	1	0
[1030]	-85-	0	0	0	1	0	1	0
[1030]	-86-	6	0	0	7	0	1	0
[1030]	-87-	0	0	0	1	0	1	0
[1030]	-88-	2	0	0	3	0	1	0
[1030]	-89-	1	0	0	2	0	1	0
[1030]	-90-	0	0	0	1	0	1	0
[1030]	-91-	0	0	0	1	0	1	0
[1030]	-92-	1	0	0	2	0	1	0
[1030]	-93-	0	0	0	1	0	1	0
[1030]	-94-	0	0	0	1	0	1	0
[1030]	-95-	1	0	0	2	0	1	0
[1030]	-96-	0	0	0	1	0	1	0
[1030]	-97-	2	0	0	3	0	1	0
[1030]	-98-	0	0	0	1	0	1	0
[1030]	-99-	1	0	0	2	0	1	0
[1030]	-100-	1	0	0	2	0	1	0
[1030]	-101-	0	0	0	1	0	1	0
[1030]	-102-	0	0	0	1	0	1	0
[1030]	-103-	0	0	0	1	0	1	0
[1030]	-104-	1	0	0	2	0	1	0
[1030]	-105-	0	0	0	1	0	1	0
[1030]	-106-	7	0	0	8	0	1	0
[1030]	-107-	0	0	0	1	0	1	0
[1030]	-108-	0	0	0	1	0	1	0
[1030]	-109-	0	0	0	1	0	1	0
[1030]	-110-	1	0	0	2	0	1	0
[1030]	-111-	2	0	0	3	0	1	0
[1030]	-112-	0	0	0	1	0	1	0
[1030]	-113-	0	0	0	1	0	1	0
[1030]	-114-	2	0	0	3	0	1	0
[1030]	-115-	0	0	0	1	0	1	0
[1030]	-116-	3	0	0	4	0	1	0
[1030]	-117-	2	0	0	3	0	1	0
[1030]	-118-	0	0	0	1	0	1	0
[1030]	-119-	0	0	0	1	0	1	0
[1030]	-120-	0	0	0	1	0	1	0
[1030]	-121-	1	0	0	2	0	1	0
[1030]	-122-	0	0	0	1	0	1	0
[1030]	-123-	1	0	0	2	0	1	0
[1030]	-124-	1	0	0	2	0	1	0
[1030]	-125-	4	0	0	5	0	1	0
[1030]	-126-	0	0	0	1	0	1	0
[1030]	-127-	0	0	0	1	0	1	0
[478]	-0-	15	0	0	18	1	1	0
[478]	-1-	2	0	0	3	0	1	0
[560]	-0-	1	0	0	2	0	1	1
[611]	-0-	1	0	0	2	0	1	1
[269]	-0-	10	0	0	15	1	1	1
[14]	-0-	25	0	1	28	1	0	2
[375]	-0-	1	0	0	2	0	1	1
[975]	-0-	6	0	0	9	1	1	0
[441]	-0-	12	0	0	17	1	1	0
[819]	-0-	16	0	0	21	1	1	1
[498]	-0-	20	1	0	24	1	1	2
[498]	-1-	0	0	1	1	0	0	0
[900]	-0-	49	0	0	54	1	1	1
[352]	-0-	12	0	0	13	0	1	1
[352]	-1-	0	0	0	1	0	1	0
[352]	-2-	0	0	0	1	0	1	0
[682]	-0-	1	0	0	2	0	1	1
[1082]	-0-	12	0	0	17	1	1	1
[1033]	-0-	8	0	0	13	1	1	1
[362]	-0-	1	0	0	2	0	1	1
[1070]	-0-	7	0	0	8	0	1	0
[248]	-0-	1	0	0	2	0	1	0
[62]	-0-	10	0	0	13	1	1	1
[62]	-1-	3	0	0	4	0	1	0
[193]	-0-	10	0	1	13	1	0	2
[105]	-0-	81	1	0	96	4	1	3
[322]	-0-	10	0	0	11	0	1	0
[370]	-0-	10	0	0	15	1	1	0
[57]	-0-	5	0	0	10	1	1	0
[532]	-0-	1	0	0	2	0	1	1
[409]	-0-	8	0	1	11	1	0	2
[1034]	-0-	8	0	0	12	1	1	0
[29]	-0-	7	1	1	11	1	0	1
[29]	-1-	12	0	0	13	0	1	0
[790]	-0-	7	0	0	8	0	1	0
[595]	-0-	31	0	0	39	2	1	0
[595]	-1-	2	0	0	3	0	1	0
[595]	-2-	15	0	0	16	0	1	0
[595]	-3-	54	0	0	55	0	1	0
[595]	-4-	24	0	0	25	0	1	0
[595]	-5-	0	0	0	1	0	1	0
[595]	-6-	0	0	0	1	0	1	0
[595]	-7-	4	0	0	5	0	1	0
[595]	-8-	1	0	0	2	0	1	0
[595]	-9-	0	0	0	1	0	1	0
[595]	-10-	0	0	0	1	0	1	0
[595]	-11-	4	0	0	5	0	1	0
[595]	-12-	5	0	0	6	0	1	0
[595]	-13-	1	0	0	2	0	1	0
[595]	-14-	1	0	0	2	0	1	0
[595]	-15-	3	0	0	4	0	1	0
[595]	-16-	0	0	0	1	0	1	0
[595]	-17-	0	0	0	1	0	1	0
[595]	-18-	0	0	0	1	0	1	0
[595]	-19-	0	0	0	1	0	1	0
[595]	-20-	0	0	0	1	0	1	0
[595]	-21-	2	0	0	3	0	1	0
[595]	-22-	0	0	0	1	0	1	0
[595]	-23-	2	0	0	3	0	1	0
[595]	-24-	0	0	0	1	0	1	0
[595]	-25-	2	0	0	3	0	1	0
[595]	-26-	3	0	0	4	0	1	0
[595]	-27-	3	0	0	4	0	1	0
[595]	-28-	6	0	0	7	0	1	0
[595]	-29-	4	0	0	5	0	1	0
[595]	-30-	7	0	0	8	0	1	0
[595]	-31-	5	0	0	6	0	1	0
[595]	-32-	0	0	0	1	0	1	0
[595]	-33-	0	0	0	1	0	1	0
[595]	-34-	0	0	0	1	0	1	0
[595]	-35-	0	0	0	1	0	1	0
[595]	-36-	2	0	0	3	0	1	0
[595]	-37-	5	0	0	6	0	1	0
[595]	-38-	2	0	0	3	0	1	0
[595]	-39-	1	0	0	2	0	1	0
[595]	-40-	0	0	0	1	0	1	0
[595]	-41-	7	0	0	8	0	1	0
[595]	-42-	0	0	0	1	0	1	0
[595]	-43-	0	0	0	1	0	1	0
[595]	-44-	0	0	0	1	0	1	0
[595]	-45-	0	0	0	1	0	1	0
[595]	-46-	0	0	0	1	0	1	0
[595]	-47-	0	0	0	1	0	1	0
[595]	-48-	2	0	0	3	0	1	0
[595]	-49-	0	0	0	1	0	1	0
[595]	-50-	0	0	0	1	0	1	0
[595]	-51-	0	0	0	1	0	1	0
[595]	-52-	0	0	0	1	0	1	0
[595]	-53-	1	0	0	2	0	1	0
[595]	-54-	1	0	0	2	0	1	0
[595]	-55-	1	0	0	2	0	1	0
[595]	-56-	1	0	0	2	0	1	0
[595]	-57-	3	0	0	4	0	1	0
[595]	-58-	1	0	0	2	0	1	0
[595]	-59-	2	0	0	3	0	1	0
[595]	-60-	1	0	0	2	0	1	0
[595]	-61-	1	0	0	2	0	1	0
[595]	-62-	0	0	0	1	0	1	0
[595]	-63-	0	0	0	1	0	1	0
[595]	-64-	1	0	0	2	0	1	0
[595]	-65-	3	0	0	4	0	1	0
[595]	-66-	1	0	0	2	0	1	0
[595]	-67-	0	0	0	1	0	1	0
[595]	-68-	4	0	0	5	0	1	0
[595]	-69-	2	0	0	3	0	1	0
[595]	-70-	2	0	0	3	0	1	0
[595]	-71-	0	0	0	1	0	1	0
[595]	-72-	1	0	0	2	0	1	0
[595]	-73-	0	0	0	1	0	1	0
[595]	-74-	0	0	0	1	0	1	0
[595]	-75-	3	0	0	4	0	1	0
[595]	-76-	1	0	0	2	0	1	0
[595]	-77-	0	0	0	1	0	1	0
[595]	-78-	1	0	0	2	0	1	0
[595]	-79-	3	0	0	4	0	1	0
[595]	-80-	3	0	0	4	0	1	0
[595]	-81-	0	0	0	1	0	1	0
[595]	-82-	2	0	0	3	0	1	0
[595]	-83-	2	0	0	3	0	1	0
[595]	-84-	0	0	0	1	0	1	0
[595]	-85-	3	0	0	4	0	1	0
[595]	-86-	3	0	0	4	0	1	0
[595]	-87-	0	0	0	1	0	1	0
[595]	-88-	0	0	0	1	0	1	0
[595]	-89-	0	0	0	1	0	1	0
[595]	-90-	1	0	0	2	0	1	0
[595]	-91-	1	0	0	2	0	1	0
[595]	-92-	0	0	0	1	0	1	0
[595]	-93-	0	0	0	1	0	1	0
[595]	-94-	3	0	0	4	0	1	0
[595]	-95-	0	0	0	1	0	1	0
[595]	-96-	0	0	0	1	0	1	0
[595]	-97-	2	0	0	3	0	1	0
[595]	-98-	0	0	0	1	0	1	0
[595]	-99-	3	0	0	4	0	1	0
[595]	-100-	0	0	0	1	0	1	0
[595]	-101-	1	0	0	2	0	1	0
[595]	-102-	0	0	0	1	0	1	0
[595]	-103-	0	0	0	1	0	1	0
[595]	-104-	3	0	0	4	0	1	0
[595]	-105-	0	0	0	1	0	1	0
[595]	-106-	0	0	0	1	0	1	0
[595]	-107-	2	0	0	3	0	1	0
[595]	-108-	0	0	0	1	0	1	0
[595]	-109-	2	0	0	3	0	1	0
[595]	-110-	1	0	0	2	0	1	0
[595]	-111-	2	0	0	3	0	1	0
[1001]	-0-	14	0	1	17	1	0	1
[96]	-0-	13	0	0	18	1	1	0
[788]	-0-	32	0	0	45	3	1	2
[138]	-0-	17	0	0	22	1	1	0
[649]	-0-	4	0	0	9	1	1	0
[144]	-0-	6	0	0	7	0	1	0
[144]	-1-	2	0	0	3	0	1	0
[144]	-2-	2	0	0	3	0	1	0
[1071]	-0-	35	0	0	40	1	1	1
[533]	-0-	1	0	0	2	0	1	1
[706]	-0-	14	1	0	18	1	1	2
[706]	-1-	4	0	1	5	0	0	0
[366]	-0-	11	1	1	15	1	0	2
[366]	-1-	6	0	0	7	0	1	0
[56]	-0-	0	0	0	1	0	1	0
[160]	-0-	16	0	1	19	1	0	2
[897]	-0-	6	0	0	7	0	1	0
[897]	-1-	0	0	0	1	0	1	0
[897]	-2-	2	0	0	3	0	1	0
[897]	-3-	3	0	0	4	0	1	0
[897]	-4-	0	0	0	1	0	1	0
[897]	-5-	3	0	0	4	0	1	0
[897]	-6-	0	0	0	1	0	1	0
[897]	-7-	3	0	0	4	0	1	0
[897]	-8-	0	0	0	1	0	1	0
[897]	-9-	0	0	0	1	0	1	0
[897]	-10-	0	0	0	1	0	1	0
[285]	-0-	2	0	0	3	0	1	0
[83]	-0-	48	0	0	67	6	1	0
[865]	-0-	10	0	0	15	1	1	1
[125]	-0-	37	1	0	41	1	1	2
[125]	-1-	4	0	1	5	0	0	0
[780]	-0-	1	0	0	2	0	1	0
[187]	-0-	1	0	0	2	0	1	1
[905]	-0-	12	0	0	13	0	1	0
[905]	-1-	2	0	0	3	0	1	0
[905]	-2-	0	0	0	1	0	1	0
[905]	-3-	0	0	0	1	0	1	0
[958]	-0-	11	0	0	12	0	1	0
[958]	-1-	0	0	0	1	0	1	0
[958]	-2-	2	0	0	3	0	1	0
[97]	-0-	2	0	0	3	0	1	1
[598]	-0-	9	0	0	14	1	1	0
[58]	-0-	5	0	0	10	1	1	1
[797]	-0-	7	0	1	10	1	0	2
[739]	-0-	9	0	0	10	0	1	0
[739]	-1-	1	0	0	2	0	1	0
[739]	-2-	2	0	0	3	0	1	0
[314]	-0-	5	0	0	10	1	1	0
[477]	-0-	6	0	0	11	1	1	1
[787]	-0-	2	0	0	3	0	1	1
[724]	-0-	8	0	1	11	1	0	2
[809]	-0-	14	0	0	15	0	1	0
[368]	-0-	2	0	0	3	0	1	0
[157]	-0-	8	0	0	13	1	1	0
[421]	-0-	37	1	0	41	1	1	1
[421]	-1-	1	0	1	2	0	0	0
[135]	-0-	1	0	0	2	0	1	1
[345]	-0-	2	0	0	3	0	1	0
[491]	-0-	6	0	0	11	1	1	1
[699]	-0-	0	0	0	1	0	1	0
[840]	-0-	0	0	0	1	0	1	0
[840]	-1-	3	0	0	4	0	1	0
[335]	-0-	9	0	0	13	1	1	0
[177]	-0-	14	0	1	17	1	0	2
[692]	-0-	0	0	0	1	0	1	0
[94]	-0-	1	0	0	2	0	1	0
[1024]	-0-	1	0	0	2	0	1	1
[504]	-0-	5	0	0	10	1	1	1
[103]	-0-	11	0	0	16	1	1	0
[626]	-0-	8	1	1	12	1	0	2
[626]	-1-	5	0	0	6	0	1	0
[54]	-0-	20	0	0	23	1	1	0
[54]	-1-	2	0	0	3	0	1	0
[658]	-0-	15	0	1	18	1	0	2
[643]	-0-	1	0	0	2	0	1	1
[111]	-0-	8	0	0	13	1	1	0
[571]	-0-	17	0	0	22	1	1	0
[1059]	-0-	2	0	0	3	0	1	0
[583]	-0-	1	0	0	2	0	1	1
[752]	-0-	12	0	0	16	1	1	0
[13]	-0-	22	0	0	31	2	1	0
[319]	-0-	10	0	0	15	1	1	0
[785]	-0-	25	0	1	28	1	0	1
[1018]	-0-	55	0	0	60	1	1	0
[1077]	-0-	19	0	0	27	2	1	0
[906]	-0-	3	0	0	8	1	1	0
[618]	-0-	2	0	0	7	1	1	0
[791]	-0-	12	0	0	17	1	1	0
[50]	-0-	3	0	0	8	1	1	0
[952]	-0-	13	1	1	17	1	0	0
[952]	-1-	31	0	0	32	0	1	0
[315]	-0-	20	0	0	28	2	1	0
[872]	-0-	11	0	0	16	1	1	0
[264]	-0-	1	0	0	2	0	1	0
[1087]	-0-	10	0	0	14	1	1	1
[180]	-0-	8	0	1	11	1	0	1
[964]	-0-	7	0	0	12	1	1	1
[1080]	-0-	11	0	0	16	1	1	0
[107]	-0-	9	0	0	14	1	1	1
[1009]	-0-	14	0	1	17	1	0	1
[205]	-0-	7	0	0	12	1	1	1
[603]	-0-	3	0	0	8	1	1	1
[516]	-0-	57	0	0	62	1	1	0
[434]	-0-	20	0	0	25	1	1	1
[915]	-0-	0	0	0	1	0	1	0
[893]	-0-	1	0	0	2	0	1	0
[893]	-1-	0	0	0	1	0	1	0
[893]	-2-	1	0	0	2	0	1	0
[971]	-0-	5	0	0	9	1	1	0
[971]	-1-	107	0	0	108	0	1	0
[971]	-2-	11	0	0	12	0	1	0
[971]	-3-	0	0	0	1	0	1	0
[971]	-4-	3	0	0	4	0	1	0
[971]	-5-	4	0	0	5	0	1	0
[941]	-0-	23	0	0	28	1	1	1
[451]	-0-	8	0	0	13	1	1	0
[777]	-0-	10	0	1	13	1	0	2
[284]	-0-	7	0	0	12	1	1	0
[619]	-0-	10	0	0	15	1	1	0
[53]	-0-	0	0	0	1	0	1	0
[592]	-0-	1	0	0	2	0	1	0
[592]	-1-	0	0	0	1	0	1	0
[592]	-2-	0	0	0	1	0	1	0
[584]	-0-	21	0	0	26	1	1	0
[360]	-0-	9	0	0	13	1	1	0
[360]	-1-	5	0	0	6	0	1	0
[360]	-2-	4	0	0	5	0	1	0
[360]	-3-	5	0	0	6	0	1	0
[360]	-4-	1	0	0	2	0	1	0
[106]	-0-	5	0	1	8	1	0	0
[31]	-0-	50	1	1	54	1	0	2
[31]	-1-	8	0	0	9	0	1	0
[746]	-0-	4	0	0	9	1	1	1
[1036]	-0-	17	0	1	20	1	0	2
[747]	-0-	26	1	0	30	1	1	1
[747]	-1-	3	0	1	4	0	0	0
[545]	-0-	1	0	0	2	0	1	1
[815]	-0-	1	0	0	2	0	1	0
[1004]	-0-	24	0	0	29	1	1	0
[1012]	-0-	8	0	0	13	1	1	1
[756]	-0-	2	0	0	3	0	1	0
[756]	-1-	2	0	0	3	0	1	0
[756]	-2-	0	0	0	1	0	1	0
[756]	-3-	1	0	0	2	0	1	0
[756]	-4-	0	0	0	1	0	1	0
[1072]	-0-	1	0	0	2	0	1	0
[898]	-0-	0	0	0	1	0	1	0
[898]	-1-	1	0	0	2	0	1	0
[217]	-0-	16	0	0	21	1	1	0
[712]	-0-	6	0	0	7	0	1	0
[712]	-1-	0	0	0	1	0	1	0
[712]	-2-	0	0	0	1	0	1	0
[536]	-0-	7	0	0	12	1	1	0
[423]	-0-	24	0	0	36	3	1	0
[320]	-0-	17	0	0	20	1	1	0
[320]	-1-	0	0	0	1	0	1	0
[7]	-0-	20	0	0	24	1	1	0
[1088]	-0-	8	0	1	11	1	0	1
[978]	-0-	14	0	1	17	1	0	1
[69]	-0-	1	0	0	2	0	1	1
[808]	-0-	1	0	0	2	0	1	1
[367]	-0-	2	0	0	7	1	1	0
[933]	-0-	14	0	0	15	0	1	0
[933]	-1-	0	0	0	1	0	1	0
[933]	-2-	1	0	0	2	0	1	0
[933]	-3-	3	0	0	4	0	1	0
[933]	-4-	0	0	0	1	0	1	0
[933]	-5-	2	0	0	3	0	1	0
[933]	-6-	2	0	0	3	0	1	0
[933]	-7-	0	0	0	1	0	1	0
[716]	-0-	14	0	0	19	1	1	1
[835]	-0-	17	1	1	21	1	0	1
[835]	-1-	12	0	0	13	0	1	0
[190]	-0-	18	1	0	22	1	1	1
[190]	-1-	1	0	1	2	0	0	0
[513]	-0-	4	0	0	9	1	1	0
[348]	-0-	6	0	0	11	1	1	0
[851]	-0-	2	0	0	3	0	1	0
[469]	-0-	10	0	1	13	1	0	1
[310]	-0-	9	0	0	10	0	1	0
[310]	-1-	1	0	0	2	0	1	0
[765]	-0-	0	0	0	1	0	1	0
[183]	-0-	3	0	0	8	1	1	0
[880]	-0-	4	0	0	9	1	1	0
[980]	-0-	2	0	0	6	1	1	0
[980]	-1-	2	0	0	3	0	1	0
[980]	-2-	2	0	0	3	0	1	0
[980]	-3-	6	0	0	7	0	1	0
[980]	-4-	1	0	0	2	0	1	0
[980]	-5-	2	0	0	3	0	1	0
[980]	-6-	0	0	0	1	0	1	0
[980]	-7-	0	0	0	1	0	1	0
[761]	-0-	15	1	0	19	1	1	1
[761]	-1-	8	0	1	9	0	0	0
[574]	-0-	6	0	0	11	1	1	0
[1008]	-0-	2	0	0	3	0	1	0
[417]	-0-	3	0	0	8	1	1	0
[78]	-0-	10	0	0	15	1	1	1
[163]	-0-	10	0	0	15	1	1	1
[470]	-0-	7	0	1	10	1	0	1
[917]	-0-	1	0	0	2	0	1	1
[318]	-0-	41	0	0	60	5	1	0
[853]	-0-	15	0	0	22	2	1	0
[853]	-1-	0	0	0	1	0	1	0
[1031]	-0-	4	0	0	9	1	1	0
[1014]	-0-	0	0	0	1	0	1	0
[942]	-0-	7	1	1	11	1	0	2
[942]	-1-	29	0	0	30	0	1	0
[541]	-0-	1	0	0	2	0	1	1
[767]	-0-	5	0	0	10	1	1	0
[546]	-0-	2	0	0	3	0	1	1
[51]	-0-	8	0	0	13	1	1	0
[401]	-0-	4	0	0	5	0	1	0
[401]	-1-	0	0	0	1	0	1	0
[401]	-2-	2	0	0	3	0	1	0
[129]	-0-	13	0	1	16	1	0	0
[868]	-0-	1	0	0	2	0	1	1
[283]	-0-	6	0	0	11	1	1	0
[15]	-0-	0	0	0	1	0	1	0
[589]	-0-	2	0	0	3	0	1	0
[406]	-0-	1	0	0	2	0	1	1
[288]	-0-	3	0	0	8	1	1	0
[382]	-0-	4	0	0	9	1	1	1
[444]	-0-	6	0	0	11	1	1	1
[665]	-0-	10	0	0	15	1	1	0
[161]	-0-	18	0	0	23	1	1	0
[1050]	-0-	1	0	0	2	0	1	1
[981]	-0-	0	0	0	1	0	1	0
[981]	-1-	0	0	0	1	0	1	0
[431]	-0-	9	0	0	14	1	1	1
[575]	-0-	5	0	0	6	0	1	1
[575]	-1-	0	0	0	1	0	1	0
[575]	-2-	0	0	0	1	0	1	0
[116]	-0-	0	0	0	1	0	1	0
[116]	-1-	1	0	0	2	0	1	0
[562]	-0-	5	0	0	10	1	1	0
[940]	-0-	2	0	0	5	1	1	0
[940]	-1-	1	0	0	2	0	1	0
[473]	-0-	3	0	0	8	1	1	0
[208]	-0-	1	0	0	2	0	1	1
[719]	-0-	12	0	0	17	1	1	0
[463]	-0-	2	0	0	3	0	1	1
[745]	-0-	1	0	0	2	0	1	1
[460]	-0-	3	0	0	4	0	1	0
[733]	-0-	8	0	0	9	0	1	0
[733]	-1-	0	0	0	1	0	1	0
[733]	-2-	1	0	0	2	0	1	0
[733]	-3-	2	0	0	3	0	1	0
[483]	-0-	10	0	0	15	1	1	0
[416]	-0-	1	0	0	2	0	1	1
[349]	-0-	15	0	1	18	1	0	0
[126]	-0-	4	0	0	9	1	1	1
[9]	-0-	4	0	0	9	1	1	0
[502]	-0-	3	0	0	8	1	1	0
[236]	-0-	12	0	0	17	1	1	0
[1007]	-0-	13	0	0	18	1	1	0
[714]	-0-	4	0	0	9	1	1	0
[6]	-0-	4	0	0	9	1	1	0
[1096]	-0-	5	0	0	10	1	1	0
[377]	-0-	11	0	1	14	1	0	2
[202]	-0-	5	0	0	10	1	1	1
[879]	-0-	8	0	0	13	1	1	0
[25]	-0-	14	0	0	19	1	1	1
[408]	-0-	20	0	0	21	0	1	1
[408]	-1-	0	0	0	1	0	1	0
[408]	-2-	8	0	0	9	0	1	0
[356]	-0-	12	0	0	17	1	1	0
[399]	-0-	1	0	0	2	0	1	0
[873]	-0-	11	0	0	16	1	1	1
[666]	-0-	5	0	0	10	1	1	1
[1]	-0-	10	0	0	15	1	1	0
[389]	-0-	2	0	0	7	1	1	0
[336]	-0-	3	0	0	8	1	1	1
[137]	-0-	25	1	1	29	1	0	1
[137]	-1-	35	0	0	36	0	1	0
[857]	-0-	5	0	0	9	1	1	0
[244]	-0-	10	0	1	13	1	0	1
[167]	-0-	9	0	0	14	1	1	0
[544]	-0-	34	0	1	37	1	0	1
[266]	-0-	12	0	1	15	1	0	1
[185]	-0-	4	0	0	5	0	1	0
[946]	-0-	4	0	1	5	0	0	0
[426]	-0-	6	1	0	10	1	1	1
[426]	-1-	0	0	1	1	0	0	0
[794]	-0-	2	0	0	6	1	1	0
[471]	-0-	5	0	0	10	1	1	0
[778]	-0-	7	0	0	12	1	1	1
[845]	-0-	3	0	0	8	1	1	0
[123]	-0-	0	0	0	1	0	1	0
[376]	-0-	8	0	0	13	1	1	0
[286]	-0-	104	0	0	140	10	1	1
[438]	-0-	4	0	0	9	1	1	0
[67]	-0-	5	0	0	10	1	1	0
[1084]	-0-	24	0	0	29	1	1	0
[1084]	-1-	3	0	0	4	0	1	0
[1084]	-2-	2	0	0	3	0	1	0
[1084]	-3-	3	0	0	4	0	1	0
[1084]	-4-	2	0	0	3	0	1	0
[1084]	-5-	0	0	0	1	0	1	0
[1084]	-6-	1	0	0	2	0	1	0
[1084]	-7-	0	0	0	1	0	1	0
[173]	-0-	15	0	0	22	2	1	0
[521]	-0-	10	0	1	13	1	0	0
[1083]	-0-	7	0	0	12	1	1	0
[75]	-0-	15	1	0	19	1	1	1
[75]	-1-	2	0	1	3	0	0	0
[829]	-0-	12	0	0	13	0	1	0
[39]	-0-	0	0	0	1	0	1	0
[642]	-0-	13	1	1	17	1	0	1
[642]	-1-	25	0	0	26	0	1	0
[669]	-0-	3	0	0	7	1	1	0
[371]	-0-	7	0	0	12	1	1	0
[843]	-0-	1	0	0	2	0	1	0
[279]	-0-	3	0	0	4	0	1	0
[279]	-1-	2	0	0	3	0	1	0
[279]	-2-	2	0	0	3	0	1	0
[596]	-0-	8	0	0	13	1	1	0
[174]	-0-	6	0	0	11	1	1	0
[462]	-0-	1	0	0	2	0	1	1
[860]	-0-	6	0	0	11	1	1	0
[134]	-0-	5	0	1	8	1	0	0
[695]	-0-	6	0	0	10	1	1	0
[695]	-1-	1	0	0	2	0	1	0
[695]	-2-	2	0	0	3	0	1	0
[695]	-3-	4	0	0	5	0	1	0
[695]	-4-	2	0	0	3	0	1	0
[695]	-5-	1	0	0	2	0	1	0
[695]	-6-	1	0	0	2	0	1	0
[695]	-7-	0	0	0	1	0	1	0
[305]	-0-	20	0	0	28	2	1	2
[305]	-1-	0	0	0	1	0	1	0
[139]	-0-	3	0	0	6	1	1	0
[317]	-0-	3	0	0	7	1	1	0
[317]	-1-	1	0	0	2	0	1	0
[317]	-2-	4	0	0	5	0	1	0
[317]	-3-	1	0	0	2	0	1	0
[317]	-4-	0	0	0	1	0	1	0
[317]	-5-	1	0	0	2	0	1	0
[317]	-6-	2	0	0	3	0	1	0
[317]	-7-	4	0	0	5	0	1	0
[717]	-0-	4	0	0	9	1	1	1
[218]	-0-	10	0	0	15	1	1	1
[1076]	-0-	8	0	0	12	1	1	0
[982]	-0-	23	0	0	30	2	1	0
[59]	-0-	5	0	0	10	1	1	1
[257]	-0-	1	0	0	2	0	1	0
[861]	-0-	3	0	0	4	0	1	1
[969]	-0-	18	1	1	22	1	0	1
[969]	-1-	26	0	0	27	0	1	0
[650]	-0-	10	0	1	13	1	0	2
[1075]	-0-	1	0	0	2	0	1	0
[1029]	-0-	14	0	0	19	1	1	0
[77]	-0-	7	0	0	12	1	1	0
[1092]	-0-	7	0	0	12	1	1	1
[505]	-0-	9	0	0	14	1	1	1
[623]	-0-	5	0	0	10	1	1	0
[749]	-0-	19	0	0	24	1	1	0
[1097]	-0-	5	0	0	6	0	1	0
[1097]	-1-	3	0	0	4	0	1	0
[1097]	-2-	0	0	0	1	0	1	0
[73]	-0-	1	0	0	2	0	1	1
[400]	-0-	5	0	0	10	1	1	0
[216]	-0-	0	0	0	1	0	1	0
[928]	-0-	1	0	0	2	0	1	0
[472]	-0-	2	0	0	3	0	1	0
[472]	-1-	2	0	0	3	0	1	0
[472]	-2-	7	0	0	8	0	1	0
[762]	-0-	1	0	0	2	0	1	1
[17]	-0-	0	0	0	1	0	1	0
[369]	-0-	9	0	1	12	1	0	1
[854]	-0-	9	0	0	20	3	1	0
[365]	-0-	12	1	0	16	1	1	1
[365]	-1-	3	0	1	4	0	0	0
[104]	-0-	5	0	0	10	1	1	1
[1094]	-0-	9	0	0	14	1	1	1
[355]	-0-	9	0	0	14	1	1	0
[429]	-0-	3	0	0	4	0	1	0
[80]	-0-	22	0	0	33	3	1	0
[489]	-0-	1	0	0	2	0	1	0
[238]	-0-	18	0	1	21	1	0	2
[823]	-0-	11	1	1	15	1	0	0
[823]	-1-	5	0	0	6	0	1	0
[301]	-0-	1	0	0	2	0	1	1
[810]	-0-	1	0	0	2	0	1	1
[742]	-0-	5	0	0	6	0	1	0
[497]	-0-	7	0	0	12	1	1	0
[172]	-0-	5	0	0	10	1	1	1
[635]	-0-	7	0	0	12	1	1	1
[273]	-0-	4	0	0	9	1	1	0
[922]	-0-	5	0	0	10	1	1	0
[465]	-0-	6	0	0	7	0	1	1
[465]	-1-	0	0	0	1	0	1	0
[465]	-2-	2	0	0	3	0	1	0
[615]	-0-	7	0	0	12	1	1	1
[493]	-0-	13	0	1	16	1	0	0
[990]	-0-	5	0	0	10	1	1	0
[535]	-0-	7	0	0	12	1	1	1
[863]	-0-	0	0	0	1	0	1	0
[839]	-0-	0	0	0	1	0	1	0
[839]	-1-	4	0	0	5	0	1	0
[121]	-0-	1	0	0	2	0	1	1
[585]	-0-	11	0	0	12	0	1	0
[585]	-1-	2	0	0	3	0	1	0
[585]	-2-	4	0	0	5	0	1	0
[888]	-0-	1	0	0	2	0	1	0
[624]	-0-	1	0	0	2	0	1	1
[396]	-0-	19	1	1	23	1	0	1
[396]	-1-	2	0	0	3	0	1	0
[956]	-0-	2	0	0	3	0	1	1
[149]	-0-	0	0	0	1	0	1	0
[923]	-0-	5	0	0	9	1	1	0
[789]	-0-	52	0	0	55	1	1	0
[789]	-1-	1	0	0	2	0	1	0
[912]	-0-	8	0	0	13	1	1	1
[663]	-0-	8	0	0	9	0	1	0
[663]	-1-	5	0	0	6	0	1	0
[771]	-0-	2	0	0	3	0	1	0
[211]	-0-	6	0	0	11	1	1	1
[590]	-0-	14	0	0	19	1	1	0
[609]	-0-	1	0	0	2	0	1	0
[989]	-0-	0	0	0	1	0	1	0
[386]	-0-	1	0	0	2	0	1	1
[996]	-0-	6	0	0	11	1	1	0
[561]	-0-	29	1	1	33	1	0	0
[561]	-1-	9	0	0	10	0	1	0
[28]	-0-	5	0	0	10	1	1	1
[100]	-0-	3	0	0	4	0	1	0
[802]	-0-	6	0	0	7	0	1	0
[802]	-1-	0	0	0	1	0	1	0
[667]	-0-	12	0	0	17	1	1	0
[647]	-0-	22	0	0	30	2	1	0
[647]	-1-	2	0	0	3	0	1	0
[647]	-2-	12	0	0	13	0	1	0
[811]	-0-	18	0	0	23	1	1	0
[203]	-0-	21	0	0	22	0	1	0
[186]	-0-	5	0	0	10	1	1	0
[896]	-0-	7	0	1	10	1	0	0
[373]	-0-	3	0	0	4	0	1	1
[143]	-0-	4	0	0	7	1	1	0
[779]	-0-	9	0	1	12	1	0	1
[606]	-0-	4	0	0	9	1	1	0
[237]	-0-	1	0	0	2	0	1	1
[133]	-0-	1	0	0	2	0	1	0
[530]	-0-	12	0	0	19	2	1	1
[1053]	-0-	1	0	0	2	0	1	0
[648]	-0-	1	0	0	2	0	1	0
[324]	-0-	12	0	1	15	1	0	2
[510]	-0-	0	0	0	1	0	1	0
[278]	-0-	1	0	0	2	0	1	0
[82]	-0-	18	1	1	22	1	0	1
[82]	-1-	4	0	0	5	0	1	0
[206]	-0-	0	0	0	1	0	1	0
[210]	-0-	3	0	0	8	1	1	0
[841]	-0-	1	0	0	2	0	1	0
[841]	-1-	2	0	0	3	0	1	0
[841]	-2-	0	0	0	1	0	1	0
[841]	-3-	1	0	0	2	0	1	0
[40]	-0-	5	0	0	9	1	1	0
[40]	-1-	12	0	0	13	0	1	0
[40]	-2-	3	0	0	4	0	1	0
[148]	-0-	6	0	0	7	0	1	0
[148]	-1-	12	0	0	13	0	1	0
[148]	-2-	2	0	0	3	0	1	0
[150]	-0-	1	0	0	2	0	1	0
[755]	-0-	6	0	0	7	0	1	0
[11]	-0-	7	0	0	12	1	1	0
[600]	-0-	11	0	1	14	1	0	2
[27]	-0-	8	0	0	13	1	1	0
[621]	-0-	6	0	0	11	1	1	0
[727]	-0-	10	0	0	15	1	1	0
[552]	-0-	9	0	1	12	1	0	0
[388]	-0-	2	0	0	3	0	1	0
[1044]	-0-	0	0	0	1	0	1	0
[1044]	-1-	0	0	0	1	0	1	0
[275]	-0-	3	0	0	8	1	1	1
[415]	-0-	4	0	0	8	1	1	0
[704]	-0-	90	1	0	94	1	1	1
[704]	-1-	0	0	1	1	0	0	0
[128]	-0-	5	0	0	9	1	1	0
[128]	-1-	3	0	0	4	0	1	0
[128]	-2-	2	0	0	3	0	1	0
[128]	-3-	1	0	0	2	0	1	0
[128]	-4-	0	0	0	1	0	1	0
[128]	-5-	4	0	0	5	0	1	0
[128]	-6-	2	0	0	3	0	1	0
[128]	-7-	0	0	0	1	0	1	0
[113]	-0-	46	0	0	60	4	1	0
[948]	-0-	6	0	1	9	1	0	1
[372]	-0-	13	0	0	22	3	1	0
[20]	-0-	19	0	0	24	1	1	0
[325]	-0-	7	0	0	12	1	1	1
[1038]	-0-	7	0	0	12	1	1	0
[64]	-0-	6	0	0	11	1	1	0
[270]	-0-	6	0	0	11	1	1	0
[710]	-0-	1	0	0	2	0	1	1
[191]	-0-	3	0	0	8	1	1	0
[803]	-0-	8	0	0	9	0	1	0
[582]	-0-	11	0	0	16	1	1	0
[1086]	-0-	2	0	0	3	0	1	1
[225]	-0-	6	0	0	11	1	1	0
[690]	-0-	6	0	0	11	1	1	0
[741]	-0-	2	0	0	6	1	1	0
[750]	-0-	14	0	0	19	1	1	0
[300]	-0-	11	0	1	14	1	0	0
[949]	-0-	1	0	0	2	0	1	0
[646]	-0-	0	0	0	1	0	1	0
[627]	-0-	2	0	0	7	1	1	0
[89]	-0-	3	0	0	4	0	1	0
[804]	-0-	9	0	0	14	1	1	0
[522]	-0-	5	0	0	10	1	1	0
[881]	-0-	11	0	0	19	2	1	0
[179]	-0-	1	0	0	5	1	1	0
[179]	-1-	2	0	0	3	0	1	0
[179]	-2-	3	0	0	4	0	1	0
[179]	-3-	3	0	0	4	0	1	0
[179]	-4-	4	0	0	5	0	1	0
[179]	-5-	5	0	0	6	0	1	0
[179]	-6-	3	0	0	4	0	1	0
[179]	-7-	0	0	0	1	0	1	0
[612]	-0-	10	0	0	15	1	1	0
[291]	-0-	11	0	1	14	1	0	0
[578]	-0-	12	0	0	17	1	1	0
[88]	-0-	0	0	0	1	0	1	0
[1032]	-0-	1	0	0	2	0	1	0
[886]	-0-	6	0	0	11	1	1	0
[812]	-0-	13	0	0	18	1	1	0
[796]	-0-	3	0	0	8	1	1	0
[500]	-0-	16	1	0	20	1	1	0
[500]	-1-	1	0	1	2	0	0	0
[849]	-0-	0	0	0	1	0	1	0
[529]	-0-	4	0	0	9	1	1	0
[1046]	-0-	0	0	0	1	0	1	0
[281]	-0-	0	0	0	1	0	1	0
[281]	-1-	0	0	0	1	0	1	0
[162]	-0-	3	0	0	4	0	1	0
[754]	-0-	1	0	0	2	0	1	0
[850]	-0-	7	0	0	12	1	1	1
[911]	-0-	0	0	0	1	0	1	0
[651]	-0-	14	0	0	19	1	1	0
[41]	-0-	7	0	0	12	1	1	0
[245]	-0-	12	0	0	19	2	1	0
[793]	-0-	18	0	0	25	2	1	0
[793]	-1-	4	0	0	5	0	1	0
[793]	-2-	0	0	0	1	0	1	0
[793]	-3-	0	0	0	1	0	1	0
[793]	-4-	1	0	0	2	0	1	0
[793]	-5-	2	0	0	3	0	1	0
[793]	-6-	2	0	0	3	0	1	0
[793]	-7-	1	0	0	2	0	1	0
[959]	-0-	4	0	0	9	1	1	0
[95]	-0-	8	0	0	13	1	1	0
[832]	-0-	5	0	0	10	1	1	0
[395]	-0-	7	0	0	12	1	1	0
[45]	-0-	5	0	1	8	1	0	0
[607]	-0-	17	0	0	22	1	1	0
[555]	-0-	8	1	1	12	1	0	0
[555]	-1-	7	0	0	8	0	1	0
[559]	-0-	1	0	0	2	0	1	0
[559]	-1-	0	0	0	1	0	1	0
[559]	-2-	2	0	0	3	0	1	0
[468]	-0-	21	0	1	24	1	0	0
[986]	-0-	0	0	0	1	0	1	0
[452]	-0-	1	0	0	2	0	1	0
[965]	-0-	6	0	0	11	1	1	1
[636]	-0-	4	0	0	9	1	1	1
[267]	-0-	10	0	1	13	1	0	0
[1003]	-0-	8	0	0	13	1	1	0
[293]	-0-	7	0	0	12	1	1	0
[817]	-0-	8	0	0	13	1	1	0
[883]	-0-	4	0	0	8	1	1	0
[660]	-0-	4	0	0	9	1	1	0
[907]	-0-	1	0	0	2	0	1	1
[795]	-0-	1	0	0	2	0	1	0
[436]	-0-	1	0	0	2	0	1	0
[241]	-0-	16	1	0	20	1	1	0
[241]	-1-	3	0	1	4	0	0	0
[866]	-0-	12	0	0	19	2	1	0
[972]	-0-	0	0	0	1	0	1	0
[708]	-0-	4	0	0	9	1	1	0
[254]	-0-	10	0	1	13	1	0	0
[494]	-0-	8	1	0	12	1	1	1
[494]	-1-	2	0	1	3	0	0	0
[176]	-0-	25	1	0	29	1	1	0
[176]	-1-	13	0	1	14	0	0	0
[548]	-0-	4	0	0	9	1	1	1
[691]	-0-	3	0	0	8	1	1	0
[997]	-0-	7	0	0	12	1	1	0
[1006]	-0-	9	0	0	14	1	1	0
[824]	-0-	16	0	0	21	1	1	0
[155]	-0-	7	0	1	10	1	0	0
[52]	-0-	3	0	0	8	1	1	0
[828]	-0-	3	0	0	8	1	1	0
[816]	-0-	8	0	0	13	1	1	1
[970]	-0-	6	0	0	11	1	1	0
[693]	-0-	5	0	0	10	1	1	0
[517]	-0-	3	0	0	8	1	1	0
[1015]	-0-	4	0	1	7	1	0	0
[71]	-0-	14	0	1	17	1	0	1
[968]	-0-	2	0	0	3	0	1	1
[968]	-1-	0	0	0	1	0	1	0
[432]	-0-	2	0	0	3	0	1	0
[432]	-1-	2	0	0	3	0	1	0
[432]	-2-	6	0	0	7	0	1	0
[894]	-0-	23	0	1	26	1	0	1
[439]	-0-	4	1	1	8	1	0	0
[439]	-1-	11	0	0	12	0	1	0
[657]	-0-	17	0	0	26	2	1	0
[221]	-0-	10	0	0	15	1	1	0
[488]	-0-	5	0	0	12	2	1	0
[588]	-0-	7	0	0	12	1	1	1
[119]	-0-	9	0	0	14	1	1	1
[1052]	-0-	9	1	1	13	1	0	0
[1052]	-1-	1	0	0	2	0	1	0
[229]	-0-	5	0	1	8	1	0	0
[199]	-0-	1	0	0	2	0	1	0
[751]	-0-	10	0	0	11	0	1	0
[751]	-1-	0	0	0	1	0	1	0
[1095]	-0-	9	0	1	12	1	0	1
[1035]	-0-	5	0	0	10	1	1	0
[246]	-0-	8	0	0	12	1	1	0
[91]	-0-	8	0	0	13	1	1	0
[902]	-0-	23	1	0	27	1	1	0
[902]	-1-	6	0	1	7	0	0	0
[593]	-0-	17	1	0	21	1	1	0
[593]	-1-	0	0	1	1	0	0	0
[154]	-0-	6	0	0	11	1	1	0
[1074]	-0-	2	0	0	3	0	1	1
[357]	-0-	11	0	0	12	0	1	0
[357]	-1-	7	0	0	8	0	1	0
[357]	-2-	0	0	0	1	0	1	0
[1078]	-0-	12	0	1	15	1	0	0
[340]	-0-	0	0	0	1	0	1	0
[340]	-1-	4	0	0	5	0	1	0
[228]	-0-	9	0	0	14	1	1	0
[228]	-1-	10	0	0	11	0	1	0
[228]	-2-	2	0	0	3	0	1	0
[783]	-0-	4	0	0	9	1	1	0
[718]	-0-	7	1	0	11	1	1	1
[718]	-1-	2	0	1	3	0	0	0
[413]	-0-	1	0	0	2	0	1	0
[1081]	-0-	1	0	0	6	1	1	0
[390]	-0-	2	0	0	7	1	1	0
[184]	-0-	6	0	0	11	1	1	0
[184]	-1-	1	0	0	2	0	1	0
[836]	-0-	3	0	0	8	1	1	0
[542]	-0-	12	0	1	15	1	0	0
[807]	-0-	1	0	0	2	0	1	0
[306]	-0-	12	0	0	19	2	1	0
[153]	-0-	0	0	0	1	0	1	0
[381]	-0-	3	0	0	8	1	1	0
[262]	-0-	5	0	0	10	1	1	0
[731]	-0-	9	0	1	12	1	0	0
[743]	-0-	11	0	1	14	1	0	0
[170]	-0-	4	0	0	5	0	1	0
[867]	-0-	13	0	0	20	2	1	0
[212]	-0-	2	0	0	7	1	1	0
[698]	-0-	0	0	0	1	0	1	0
[698]	-1-	1	0	0	2	0	1	0
[564]	-0-	2	0	0	7	1	1	0
[159]	-0-	22	1	0	26	1	1	0
[159]	-1-	5	0	1	6	0	0	0
[572]	-0-	5	0	0	8	1	1	0
[572]	-1-	3	0	0	4	0	1	0
[572]	-2-	0	0	0	1	0	1	0
[261]	-0-	13	0	0	14	0	1	0
[261]	-1-	1	0	0	2	0	1	0
[261]	-2-	1	0	0	2	0	1	0
[21]	-0-	0	0	0	1	0	1	0
[847]	-0-	2	0	0	3	0	1	0
[847]	-1-	1	0	0	2	0	1	0
[847]	-2-	2	0	0	3	0	1	0
[847]	-3-	0	0	0	1	0	1	0
[227]	-0-	10	0	0	19	2	1	0
[227]	-1-	0	0	0	1	0	1	0
[227]	-2-	6	0	0	7	0	1	0
[916]	-0-	10	0	0	11	0	1	0
[916]	-1-	2	0	0	3	0	1	0
[232]	-0-	3	0	0	7	1	1	0
[966]	-0-	0	0	0	1	0	1	0
[800]	-0-	5	0	0	6	0	1	0
[22]	-0-	7	0	0	12	1	1	0
[464]	-0-	0	0	0	1	0	1	0
[442]	-0-	5	0	0	10	1	1	0
[723]	-0-	6	0	0	11	1	1	0
[346]	-0-	4	0	0	5	0	1	0
[557]	-0-	4	0	0	9	1	1	0
[351]	-0-	1	0	0	2	0	1	0
[351]	-1-	1	0	0	2	0	1	0
[351]	-2-	2	0	0	3	0	1	0
[1067]	-0-	5	0	0	10	1	1	0
[1039]	-0-	8	0	0	13	1	1	0
[672]	-0-	13	0	0	21	2	1	0
[672]	-1-	4	0	0	5	0	1	0
[672]	-2-	7	0	0	8	0	1	0
[255]	-0-	1	0	0	2	0	1	0
[379]	-0-	4	0	0	9	1	1	0
[243]	-0-	13	0	1	16	1	0	0
[908]	-0-	0	0	0	1	0	1	0
[328]	-0-	0	0	0	1	0	1	0
[495]	-0-	18	1	1	22	1	0	0
[495]	-1-	5	0	0	6	0	1	0
[659]	-0-	8	0	0	16	2	1	0
[769]	-0-	4	0	0	5	0	1	0
[769]	-1-	1	0	0	2	0	1	0
[769]	-2-	1	0	0	2	0	1	0
[769]	-3-	1	0	0	2	0	1	0
[769]	-4-	1	0	0	2	0	1	0
[769]	-5-	3	0	0	4	0	1	0
[769]	-6-	2	0	0	3	0	1	0
[769]	-7-	4	0	0	5	0	1	0
[769]	-8-	1	0	0	2	0	1	0
[769]	-9-	0	0	0	1	0	1	0
[769]	-10-	0	0	0	1	0	1	0
[769]	-11-	0	0	0	1	0	1	0
[769]	-12-	0	0	0	1	0	1	0
[769]	-13-	1	0	0	2	0	1	0
[769]	-14-	0	0	0	1	0	1	0
[769]	-15-	0	0	0	1	0	1	0
[769]	-16-	2	0	0	3	0	1	0
[769]	-17-	0	0	0	1	0	1	0
[769]	-18-	0	0	0	1	0	1	0
[769]	-19-	0	0	0	1	0	1	0
[769]	-20-	3	0	0	4	0	1	0
[769]	-21-	0	0	0	1	0	1	0
[769]	-22-	5	0	0	6	0	1	0
[769]	-23-	1	0	0	2	0	1	0
[769]	-24-	0	0	0	1	0	1	0
[769]	-25-	2	0	0	3	0	1	0
[769]	-26-	2	0	0	3	0	1	0
[769]	-27-	2	0	0	3	0	1	0
[769]	-28-	1	0	0	2	0	1	0
[769]	-29-	0	0	0	1	0	1	0
[769]	-30-	0	0	0	1	0	1	0
[769]	-31-	6	0	0	7	0	1	0
[769]	-32-	2	0	0	3	0	1	0
[769]	-33-	0	0	0	1	0	1	0
[769]	-34-	0	0	0	1	0	1	0
[769]	-35-	0	0	0	1	0	1	0
[769]	-36-	1	0	0	2	0	1	0
[769]	-37-	2	0	0	3	0	1	0
[769]	-38-	0	0	0	1	0	1	0
[769]	-39-	0	0	0	1	0	1	0
[769]	-40-	0	0	0	1	0	1	0
[769]	-41-	0	0	0	1	0	1	0
[769]	-42-	1	0	0	2	0	1	0
[769]	-43-	1	0	0	2	0	1	0
[769]	-44-	0	0	0	1	0	1	0
[769]	-45-	0	0	0	1	0	1	0
[769]	-46-	0	0	0	1	0	1	0
[769]	-47-	0	0	0	1	0	1	0
[769]	-48-	0	0	0	1	0	1	0
[769]	-49-	0	0	0	1	0	1	0
[769]	-50-	0	0	0	1	0	1	0
[769]	-51-	1	0	0	2	0	1	0
[769]	-52-	0	0	0	1	0	1	0
[769]	-53-	0	0	0	1	0	1	0
[769]	-54-	0	0	0	1	0	1	0
[769]	-55-	1	0	0	2	0	1	0
[769]	-56-	2	0	0	3	0	1	0
[769]	-57-	0	0	0	1	0	1	0
[769]	-58-	0	0	0	1	0	1	0
[769]	-59-	0	0	0	1	0	1	0
[769]	-60-	0	0	0	1	0	1	0
[769]	-61-	1	0	0	2	0	1	0
[769]	-62-	0	0	0	1	0	1	0
[769]	-63-	0	0	0	1	0	1	0
[769]	-64-	2	0	0	3	0	1	0
[769]	-65-	0	0	0	1	0	1	0
[769]	-66-	0	0	0	1	0	1	0
[769]	-67-	1	0	0	2	0	1	0
[769]	-68-	0	0	0	1	0	1	0
[769]	-69-	0	0	0	1	0	1	0
[769]	-70-	0	0	0	1	0	1	0
[769]	-71-	0	0	0	1	0	1	0
[769]	-72-	3	0	0	4	0	1	0
[769]	-73-	0	0	0	1	0	1	0
[769]	-74-	0	0	0	1	0	1	0
[769]	-75-	0	0	0	1	0	1	0
[769]	-76-	4	0	0	5	0	1	0
[769]	-77-	0	0	0	1	0	1	0
[769]	-78-	2	0	0	3	0	1	0
[769]	-79-	0	0	0	1	0	1	0
[769]	-80-	0	0	0	1	0	1	0
[769]	-81-	0	0	0	1	0	1	0
[769]	-82-	0	0	0	1	0	1	0
[769]	-83-	0	0	0	1	0	1	0
[769]	-84-	0	0	0	1	0	1	0
[769]	-85-	0	0	0	1	0	1	0
[769]	-86-	0	0	0	1	0	1	0
[769]	-87-	0	0	0	1	0	1	0
[769]	-88-	2	0	0	3	0	1	0
[769]	-89-	0	0	0	1	0	1	0
[769]	-90-	0	0	0	1	0	1	0
[769]	-91-	0	0	0	1	0	1	0
[769]	-92-	1	0	0	2	0	1	0
[769]	-93-	2	0	0	3	0	1	0
[769]	-94-	2	0	0	3	0	1	0
[769]	-95-	0	0	0	1	0	1	0
[769]	-96-	1	0	0	2	0	1	0
[769]	-97-	3	0	0	4	0	1	0
[769]	-98-	1	0	0	2	0	1	0
[769]	-99-	1	0	0	2	0	1	0
[769]	-100-	0	0	0	1	0	1	0
[769]	-101-	0	0	0	1	0	1	0
[769]	-102-	0	0	0	1	0	1	0
[769]	-103-	1	0	0	2	0	1	0
[769]	-104-	0	0	0	1	0	1	0
[769]	-105-	0	0	0	1	0	1	0
[769]	-106-	1	0	0	2	0	1	0
[769]	-107-	0	0	0	1	0	1	0
[769]	-108-	1	0	0	2	0	1	0
[769]	-109-	0	0	0	1	0	1	0
[769]	-110-	1	0	0	2	0	1	0
[769]	-111-	0	0	0	1	0	1	0
[769]	-112-	0	0	0	1	0	1	0
[769]	-113-	0	0	0	1	0	1	0
[769]	-114-	0	0	0	1	0	1	0
[769]	-115-	0	0	0	1	0	1	0
[769]	-116-	0	0	0	1	0	1	0
[769]	-117-	0	0	0	1	0	1	0
[769]	-118-	2	0	0	3	0	1	0
[769]	-119-	1	0	0	2	0	1	0
[769]	-120-	1	0	0	2	0	1	0
[769]	-121-	0	0	0	1	0	1	0
[769]	-122-	0	0	0	1	0	1	0
[769]	-123-	0	0	0	1	0	1	0
[769]	-124-	0	0	0	1	0	1	0
[769]	-125-	1	0	0	2	0	1	0
[769]	-126-	0	0	0	1	0	1	0
[769]	-127-	0	0	0	1	0	1	0
[769]	-128-	0	0	0	1	0	1	0
[769]	-129-	0	0	0	1	0	1	0
[769]	-130-	1	0	0	2	0	1	0
[769]	-131-	2	0	0	3	0	1	0
[769]	-132-	1	0	0	2	0	1	0
[769]	-133-	0	0	0	1	0	1	0
[769]	-134-	0	0	0	1	0	1	0
[769]	-135-	1	0	0	2	0	1	0
[769]	-136-	0	0	0	1	0	1	0
[769]	-137-	0	0	0	1	0	1	0
[769]	-138-	1	0	0	2	0	1	0
[769]	-139-	1	0	0	2	0	1	0
[769]	-140-	0	0	0	1	0	1	0
[769]	-141-	0	0	0	1	0	1	0
[769]	-142-	0	0	0	1	0	1	0
[769]	-143-	0	0	0	1	0	1	0
[769]	-144-	0	0	0	1	0	1	0
[769]	-145-	0	0	0	1	0	1	0
[769]	-146-	0	0	0	1	0	1	0
[769]	-147-	0	0	0	1	0	1	0
[769]	-148-	2	0	0	3	0	1	0
[769]	-149-	0	0	0	1	0	1	0
[769]	-150-	0	0	0	1	0	1	0
[769]	-151-	2	0	0	3	0	1	0
[769]	-152-	1	0	0	2	0	1	0
[769]	-153-	0	0	0	1	0	1	0
[1058]	-0-	11	0	0	16	1	1	0
[597]	-0-	17	0	1	20	1	0	0
[200]	-0-	4	0	0	9	1	1	0
[885]	-0-	3	0	0	8	1	1	0
[418]	-0-	6	0	0	11	1	1	0
[792]	-0-	11	0	1	14	1	0	0
[8]	-0-	4	0	0	9	1	1	0
[943]	-0-	1	0	0	2	0	1	1
[309]	-0-	8	0	1	11	1	0	0
[591]	-0-	2	0	0	3	0	1	0
[591]	-1-	0	0	0	1	0	1	0
[591]	-2-	0	0	0	1	0	1	0
[591]	-3-	0	0	0	1	0	1	0
[132]	-0-	8	0	1	11	1	0	0
[668]	-0-	1	0	0	2	0	1	0
[848]	-0-	6	0	0	7	0	1	0
[1048]	-0-	1	0	0	2	0	1	0
[32]	-0-	5	1	1	9	1	0	0
[32]	-1-	1	0	0	2	0	1	0
[934]	-0-	2	0	0	3	0	1	0
[604]	-0-	4	0	0	9	1	1	0
[152]	-0-	10	0	0	15	1	1	0
[781]	-0-	11	0	1	14	1	0	0
[1016]	-0-	7	0	0	12	1	1	0
[735]	-0-	21	1	1	25	1	0	0
[735]	-1-	2	0	0	3	0	1	0
[565]	-0-	0	0	0	1	0	1	0
[904]	-0-	1	0	0	2	0	1	0
[904]	-1-	2	0	0	3	0	1	0
[904]	-2-	0	0	0	1	0	1	0
[904]	-3-	2	0	0	3	0	1	0
[904]	-4-	3	0	0	4	0	1	0
[904]	-5-	0	0	0	1	0	1	0
[904]	-6-	0	0	0	1	0	1	0
[904]	-7-	3	0	0	4	0	1	0
[904]	-8-	2	0	0	3	0	1	0
[904]	-9-	0	0	0	1	0	1	0
[904]	-10-	2	0	0	3	0	1	0
[904]	-11-	0	0	0	1	0	1	0
[904]	-12-	3	0	0	4	0	1	0
[904]	-13-	2	0	0	3	0	1	0
[904]	-14-	0	0	0	1	0	1	0
[904]	-15-	2	0	0	3	0	1	0
[904]	-16-	0	0	0	1	0	1	0
[904]	-17-	0	0	0	1	0	1	0
[904]	-18-	0	0	0	1	0	1	0
[904]	-19-	0	0	0	1	0	1	0
[904]	-20-	2	0	0	3	0	1	0
[904]	-21-	1	0	0	2	0	1	0
[904]	-22-	0	0	0	1	0	1	0
[904]	-23-	0	0	0	1	0	1	0
[904]	-24-	2	0	0	3	0	1	0
[904]	-25-	0	0	0	1	0	1	0
[904]	-26-	0	0	0	1	0	1	0
[904]	-27-	7	0	0	8	0	1	0
[904]	-28-	5	0	0	6	0	1	0
[904]	-29-	1	0	0	2	0	1	0
[904]	-30-	0	0	0	1	0	1	0
[904]	-31-	0	0	0	1	0	1	0
[904]	-32-	2	0	0	3	0	1	0
[904]	-33-	2	0	0	3	0	1	0
[904]	-34-	7	0	0	8	0	1	0
[904]	-35-	1	0	0	2	0	1	0
[904]	-36-	0	0	0	1	0	1	0
[904]	-37-	3	0	0	4	0	1	0
[904]	-38-	0	0	0	1	0	1	0
[904]	-39-	0	0	0	1	0	1	0
[904]	-40-	0	0	0	1	0	1	0
[904]	-41-	0	0	0	1	0	1	0
[904]	-42-	1	0	0	2	0	1	0
[904]	-43-	0	0	0	1	0	1	0
[904]	-44-	0	0	0	1	0	1	0
[904]	-45-	0	0	0	1	0	1	0
[904]	-46-	1	0	0	2	0	1	0
[904]	-47-	5	0	0	6	0	1	0
[904]	-48-	0	0	0	1	0	1	0
[904]	-49-	3	0	0	4	0	1	0
[904]	-50-	0	0	0	1	0	1	0
[904]	-51-	1	0	0	2	0	1	0
[904]	-52-	3	0	0	4	0	1	0
[904]	-53-	2	0	0	3	0	1	0
[904]	-54-	0	0	0	1	0	1	0
[904]	-55-	0	0	0	1	0	1	0
[904]	-56-	2	0	0	3	0	1	0
[904]	-57-	0	0	0	1	0	1	0
[904]	-58-	0	0	0	1	0	1	0
[904]	-59-	0	0	0	1	0	1	0
[904]	-60-	0	0	0	1	0	1	0
[904]	-61-	2	0	0	3	0	1	0
[904]	-62-	0	0	0	1	0	1	0
[904]	-63-	0	0	0	1	0	1	0
[904]	-64-	0	0	0	1	0	1	0
[904]	-65-	1	0	0	2	0	1	0
[904]	-66-	2	0	0	3	0	1	0
[904]	-67-	0	0	0	1	0	1	0
[904]	-68-	2	0	0	3	0	1	0
[904]	-69-	0	0	0	1	0	1	0
[904]	-70-	0	0	0	1	0	1	0
[904]	-71-	0	0	0	1	0	1	0
[904]	-72-	1	0	0	2	0	1	0
[904]	-73-	0	0	0	1	0	1	0
[904]	-74-	0	0	0	1	0	1	0
[904]	-75-	2	0	0	3	0	1	0
[904]	-76-	0	0	0	1	0	1	0
[904]	-77-	0	0	0	1	0	1	0
[904]	-78-	0	0	0	1	0	1	0
[904]	-79-	0	0	0	1	0	1	0
[904]	-80-	0	0	0	1	0	1	0
[904]	-81-	2	0	0	3	0	1	0
[904]	-82-	1	0	0	2	0	1	0
[904]	-83-	0	0	0	1	0	1	0
[904]	-84-	0	0	0	1	0	1	0
[904]	-85-	0	0	0	1	0	1	0
[904]	-86-	2	0	0	3	0	1	0
[904]	-87-	0	0	0	1	0	1	0
[904]	-88-	1	0	0	2	0	1	0
[904]	-89-	0	0	0	1	0	1	0
[904]	-90-	0	0	0	1	0	1	0
[904]	-91-	0	0	0	1	0	1	0
[904]	-92-	0	0	0	1	0	1	0
[904]	-93-	0	0	0	1	0	1	0
[904]	-94-	0	0	0	1	0	1	0
[904]	-95-	1	0	0	2	0	1	0
[904]	-96-	0	0	0	1	0	1	0
[904]	-97-	0	0	0	1	0	1	0
[904]	-98-	0	0	0	1	0	1	0
[904]	-99-	0	0	0	1	0	1	0
[904]	-100-	0	0	0	1	0	1	0
[904]	-101-	1	0	0	2	0	1	0
[904]	-102-	0	0	0	1	0	1	0
[904]	-103-	0	0	0	1	0	1	0
[904]	-104-	0	0	0	1	0	1	0
[904]	-105-	0	0	0	1	0	1	0
[904]	-106-	0	0	0	1	0	1	0
[904]	-107-	0	0	0	1	0	1	0
[904]	-108-	2	0	0	3	0	1	0
[904]	-109-	1	0	0	2	0	1	0
[904]	-110-	0	0	0	1	0	1	0
[904]	-111-	0	0	0	1	0	1	0
[904]	-112-	0	0	0	1	0	1	0
[904]	-113-	0	0	0	1	0	1	0
[904]	-114-	1	0	0	2	0	1	0
[904]	-115-	0	0	0	1	0	1	0
[904]	-116-	0	0	0	1	0	1	0
[904]	-117-	1	0	0	2	0	1	0
[904]	-118-	0	0	0	1	0	1	0
[904]	-119-	0	0	0	1	0	1	0
[904]	-120-	1	0	0	2	0	1	0
[904]	-121-	0	0	0	1	0	1	0
[904]	-122-	0	0	0	1	0	1	0
[178]	-0-	14	1	0	18	1	1	0
[178]	-1-	3	0	1	4	0	0	0
[617]	-0-	5	0	0	10	1	1	0
[899]	-0-	6	0	0	10	1	1	0
[566]	-0-	17	1	1	21	1	0	0
[566]	-1-	6	0	0	7	0	1	0
[1040]	-0-	4	0	0	9	1	1	0
[579]	-0-	10	0	1	13	1	0	0
[577]	-0-	4	0	0	9	1	1	0
[525]	-0-	1	0	0	2	0	1	0
[994]	-0-	1	0	0	2	0	1	1
[639]	-0-	39	1	0	43	1	1	0
[639]	-1-	2	0	1	3	0	0	0
[1026]	-0-	8	0	0	13	1	1	1
[446]	-0-	14	0	0	15	0	1	0
[446]	-1-	1	0	0	2	0	1	0
[446]	-2-	0	0	0	1	0	1	0
[446]	-3-	0	0	0	1	0	1	0
[219]	-0-	1	0	0	6	1	1	0
[884]	-0-	2	0	0	3	0	1	0
[391]	-0-	0	0	0	1	0	1	0
[140]	-0-	0	0	0	1	0	1	0
[140]	-1-	0	0	0	1	0	1	0
[140]	-2-	3	0	0	4	0	1	0
[140]	-3-	1	0	0	2	0	1	0
[394]	-0-	4	0	0	9	1	1	0
[715]	-0-	7	0	1	10	1	0	0
[703]	-0-	2	0	0	7	1	1	0
[19]	-0-	5	0	0	10	1	1	0
[158]	-0-	1	0	0	6	1	1	0
[93]	-0-	2	0	0	7	1	1	0
[226]	-0-	0	0	0	1	0	1	0
[226]	-1-	0	0	0	1	0	1	0
[987]	-0-	1	0	0	2	0	1	0
[233]	-0-	8	0	0	9	0	1	0
[233]	-1-	2	0	0	3	0	1	0
[70]	-0-	0	0	0	1	0	1	0
[70]	-1-	2	0	0	3	0	1	0
[329]	-0-	0	0	0	1	0	1	0
[329]	-1-	2	0	0	3	0	1	0
[1079]	-0-	1	0	0	2	0	1	0
[1079]	-1-	0	0	0	1	0	1	0
[90]	-0-	3	0	0	8	1	1	0
[640]	-0-	5	0	0	10	1	1	0
[551]	-0-	5	0	0	10	1	1	0
[910]	-0-	10	0	0	15	1	1	0
[689]	-0-	15	0	1	18	1	0	0
[490]	-0-	3	0	0	8	1	1	0
---	---	---	---	---	---	---	---	---
[all]		9951	51	122	13711	662	1375	385
