

exact wire length per path (in segments): 
 
net#:	path#:	CHAN:	IPAD:	OPAD:	SWITCH:	COMB:	FFIN:	FFOUT:
---	---	---	---	---	---	---	---	---
[66]	-0-	18	0	1	21	1	0	2
[637]	-0-	533	1	0	699	49	1	36
[874]	-0-	22	0	0	27	1	1	0
[449]	-0-	12	0	0	13	0	1	1
[449]	-1-	0	0	0	1	0	1	0
[449]	-2-	1	0	0	2	0	1	0
[788]	-0-	109	0	0	125	4	1	7
[406]	-0-	2	0	0	3	0	1	1
[283]	-0-	1	0	0	2	0	1	1
[115]	-0-	17	1	0	21	1	1	2
[115]	-1-	6	0	1	7	0	0	0
[824]	-0-	107	0	0	134	7	1	16
[638]	-0-	93	0	0	119	7	1	5
[782]	-0-	120	1	0	129	2	1	5
[689]	-0-	55	0	0	75	6	1	2
[826]	-0-	13	0	0	18	1	1	0
[516]	-0-	47	0	0	52	1	1	1
[302]	-0-	0	0	0	1	0	1	0
[451]	-0-	9	0	0	10	0	1	1
[451]	-1-	1	0	0	2	0	1	0
[451]	-2-	1	0	0	2	0	1	0
[451]	-3-	0	0	0	1	0	1	0
[214]	-0-	2	0	0	3	0	1	1
[194]	-0-	1	0	0	2	0	1	1
[531]	-0-	214	0	0	310	25	1	2
[422]	-0-	42	0	0	46	1	1	2
[422]	-1-	2	0	0	3	0	1	0
[422]	-2-	0	0	0	1	0	1	0
[422]	-3-	17	0	0	18	0	1	0
[422]	-4-	2	0	0	3	0	1	0
[422]	-5-	1	0	0	2	0	1	0
[422]	-6-	5	0	0	6	0	1	0
[422]	-7-	0	0	0	1	0	1	0
[98]	-0-	17	1	0	21	1	1	2
[98]	-1-	3	0	1	4	0	0	0
[739]	-0-	23	0	0	28	1	1	1
[575]	-0-	6	0	0	7	0	1	0
[634]	-0-	33	0	0	38	1	1	3
[361]	-0-	1	0	0	2	0	1	1
[640]	-0-	9	0	0	10	0	1	1
[640]	-1-	2	0	0	3	0	1	0
[640]	-2-	1	0	0	2	0	1	0
[151]	-0-	14	0	1	17	1	0	2
[216]	-0-	1	0	0	2	0	1	1
[136]	-0-	16	0	1	19	1	0	2
[517]	-0-	10	0	0	11	0	1	1
[517]	-1-	8	0	0	9	0	1	0
[517]	-2-	1	0	0	2	0	1	0
[517]	-3-	0	0	0	1	0	1	0
[572]	-0-	1	0	0	2	0	1	1
[572]	-1-	8	0	0	9	0	1	0
[99]	-0-	6	0	1	9	1	0	2
[751]	-0-	3	0	0	4	0	1	0
[690]	-0-	26	0	0	37	3	1	0
[781]	-0-	3	0	0	8	1	1	1
[514]	-0-	34	0	0	39	1	1	3
[725]	-0-	59	0	0	79	6	1	6
[679]	-0-	27	0	0	32	1	1	0
[766]	-0-	2	0	0	3	0	1	1
[766]	-1-	3	0	0	4	0	1	0
[738]	-0-	18	0	0	23	1	1	1
[464]	-0-	5	0	0	6	0	1	0
[464]	-1-	2	0	0	3	0	1	0
[55]	-0-	13	0	1	16	1	0	1
[265]	-0-	1	0	0	2	0	1	1
[445]	-0-	2	0	0	3	0	1	1
[445]	-1-	8	0	0	9	0	1	0
[206]	-0-	1	0	0	2	0	1	1
[64]	-0-	22	1	0	26	1	1	2
[64]	-1-	2	0	1	3	0	0	0
[912]	-0-	17	0	0	24	2	1	0
[583]	-0-	12	0	0	13	0	1	1
[583]	-1-	1	0	0	2	0	1	0
[583]	-2-	12	0	0	13	0	1	0
[255]	-0-	1	0	0	2	0	1	1
[269]	-0-	0	0	0	1	0	1	0
[314]	-0-	1	0	0	2	0	1	1
[680]	-0-	723	0	0	929	59	1	28
[595]	-0-	14	0	0	15	0	1	0
[467]	-0-	2	0	0	3	0	1	0
[242]	-0-	1	0	0	2	0	1	1
[308]	-0-	2	0	0	3	0	1	1
[220]	-0-	2	0	0	3	0	1	1
[339]	-0-	1	0	0	2	0	1	1
[158]	-0-	9	0	1	12	1	0	2
[585]	-0-	9	0	0	12	1	1	0
[585]	-1-	1	0	0	2	0	1	0
[530]	-0-	12	0	0	17	1	1	0
[530]	-1-	2	0	0	3	0	1	0
[530]	-2-	4	0	0	5	0	1	0
[530]	-3-	6	0	0	7	0	1	0
[597]	-0-	44	0	0	49	1	1	1
[52]	-0-	11	0	1	14	1	0	2
[70]	-0-	6	1	1	10	1	0	2
[70]	-1-	25	0	0	26	0	1	0
[494]	-0-	6	0	0	7	0	1	0
[494]	-1-	4	0	0	5	0	1	0
[494]	-2-	4	0	0	5	0	1	0
[528]	-0-	14	0	0	19	1	1	0
[317]	-0-	1	0	0	2	0	1	1
[416]	-0-	1	0	0	2	0	1	1
[607]	-0-	2	0	0	3	0	1	0
[372]	-0-	1	0	0	2	0	1	0
[515]	-0-	11	0	0	12	0	1	0
[515]	-1-	1	0	0	2	0	1	0
[515]	-2-	0	0	0	1	0	1	0
[184]	-0-	2	0	0	3	0	1	1
[616]	-0-	5	0	0	6	0	1	0
[616]	-1-	1	0	0	2	0	1	0
[616]	-2-	1	0	0	2	0	1	0
[131]	-0-	11	0	1	14	1	0	2
[589]	-0-	39	0	0	42	1	1	0
[589]	-1-	0	0	0	1	0	1	0
[589]	-2-	20	0	0	21	0	1	0
[394]	-0-	1	0	0	2	0	1	1
[423]	-0-	13	0	0	18	1	1	0
[656]	-0-	20	0	0	25	1	1	1
[346]	-0-	2	0	0	3	0	1	1
[543]	-0-	19	0	0	24	1	1	1
[580]	-0-	22	0	0	27	1	1	1
[702]	-0-	68	0	0	73	1	1	1
[200]	-0-	1	0	0	2	0	1	0
[181]	-0-	1	0	0	2	0	1	1
[403]	-0-	2	0	0	3	0	1	1
[470]	-0-	10	0	0	13	1	1	0
[470]	-1-	0	0	0	1	0	1	0
[134]	-0-	10	0	1	13	1	0	2
[147]	-0-	8	1	1	12	1	0	2
[147]	-1-	11	0	0	12	0	1	0
[736]	-0-	7	0	0	12	1	1	1
[443]	-0-	5	0	0	6	0	1	0
[190]	-0-	1	0	0	2	0	1	1
[492]	-0-	21	0	0	26	1	1	1
[724]	-0-	2	0	0	3	0	1	0
[570]	-0-	7	0	0	8	0	1	0
[570]	-1-	15	0	0	16	0	1	0
[570]	-2-	0	0	0	1	0	1	0
[570]	-3-	0	0	0	1	0	1	0
[632]	-0-	0	0	0	1	0	1	0
[632]	-1-	3	0	0	4	0	1	0
[644]	-0-	14	0	0	19	1	1	0
[456]	-0-	0	0	0	1	0	1	0
[456]	-1-	3	0	0	4	0	1	0
[456]	-2-	0	0	0	1	0	1	0
[456]	-3-	1	0	0	2	0	1	0
[456]	-4-	5	0	0	6	0	1	0
[456]	-5-	4	0	0	5	0	1	0
[456]	-6-	3	0	0	4	0	1	0
[456]	-7-	2	0	0	3	0	1	0
[456]	-8-	4	0	0	5	0	1	0
[456]	-9-	2	0	0	3	0	1	0
[663]	-0-	5	0	0	6	0	1	0
[663]	-1-	2	0	0	3	0	1	0
[234]	-0-	1	0	0	2	0	1	1
[675]	-0-	13	0	0	14	0	1	0
[675]	-1-	4	0	0	5	0	1	0
[675]	-2-	10	0	0	11	0	1	0
[675]	-3-	0	0	0	1	0	1	0
[112]	-0-	14	1	1	18	1	0	2
[112]	-1-	7	0	0	8	0	1	0
[197]	-0-	1	0	0	2	0	1	1
[429]	-0-	3	0	0	4	0	1	0
[429]	-1-	0	0	0	1	0	1	0
[429]	-2-	1	0	0	2	0	1	0
[459]	-0-	9	0	0	10	0	1	0
[318]	-0-	1	0	0	2	0	1	1
[69]	-0-	10	0	1	13	1	0	2
[141]	-0-	8	0	0	9	0	1	0
[141]	-1-	9	0	0	10	0	1	0
[141]	-2-	0	0	0	1	0	1	0
[141]	-3-	2	0	0	3	0	1	0
[141]	-4-	7	0	0	8	0	1	0
[141]	-5-	11	0	0	12	0	1	0
[141]	-6-	13	0	0	14	0	1	0
[141]	-7-	4	0	0	5	0	1	0
[141]	-8-	4	0	0	5	0	1	0
[141]	-9-	5	0	0	6	0	1	0
[141]	-10-	2	0	0	3	0	1	0
[141]	-11-	3	0	0	4	0	1	0
[141]	-12-	7	0	0	8	0	1	0
[141]	-13-	2	0	0	3	0	1	0
[141]	-14-	9	0	0	10	0	1	0
[141]	-15-	2	0	0	3	0	1	0
[141]	-16-	19	0	0	20	0	1	0
[141]	-17-	16	0	0	17	0	1	0
[141]	-18-	13	0	0	14	0	1	0
[141]	-19-	1	0	0	2	0	1	0
[141]	-20-	2	0	0	3	0	1	0
[141]	-21-	8	0	0	9	0	1	0
[141]	-22-	8	0	0	9	0	1	0
[141]	-23-	6	0	0	7	0	1	0
[141]	-24-	6	0	0	7	0	1	0
[141]	-25-	1	0	0	2	0	1	0
[141]	-26-	0	0	0	1	0	1	0
[141]	-27-	2	0	0	3	0	1	0
[141]	-28-	4	0	0	5	0	1	0
[141]	-29-	10	0	0	11	0	1	0
[141]	-30-	14	0	0	15	0	1	0
[141]	-31-	0	0	0	1	0	1	0
[141]	-32-	0	0	0	1	0	1	0
[141]	-33-	5	0	0	6	0	1	0
[141]	-34-	0	0	0	1	0	1	0
[141]	-35-	0	0	0	1	0	1	0
[141]	-36-	0	0	0	1	0	1	0
[141]	-37-	1	0	0	2	0	1	0
[141]	-38-	2	0	0	3	0	1	0
[141]	-39-	0	0	0	1	0	1	0
[141]	-40-	0	0	0	1	0	1	0
[141]	-41-	5	0	0	6	0	1	0
[141]	-42-	6	0	0	7	0	1	0
[141]	-43-	0	0	0	1	0	1	0
[141]	-44-	0	0	0	1	0	1	0
[141]	-45-	0	0	0	1	0	1	0
[141]	-46-	1	0	0	2	0	1	0
[141]	-47-	0	0	0	1	0	1	0
[141]	-48-	2	0	0	3	0	1	0
[141]	-49-	5	0	0	6	0	1	0
[141]	-50-	1	0	0	2	0	1	0
[141]	-51-	3	0	0	4	0	1	0
[141]	-52-	7	0	0	8	0	1	0
[141]	-53-	1	0	0	2	0	1	0
[141]	-54-	6	0	0	7	0	1	0
[141]	-55-	5	0	0	6	0	1	0
[141]	-56-	1	0	0	2	0	1	0
[141]	-57-	1	0	0	2	0	1	0
[141]	-58-	3	0	0	4	0	1	0
[141]	-59-	2	0	0	3	0	1	0
[141]	-60-	0	0	0	1	0	1	0
[141]	-61-	1	0	0	2	0	1	0
[141]	-62-	3	0	0	4	0	1	0
[141]	-63-	1	0	0	2	0	1	0
[141]	-64-	2	0	0	3	0	1	0
[141]	-65-	1	0	0	2	0	1	0
[141]	-66-	2	0	0	3	0	1	0
[141]	-67-	2	0	0	3	0	1	0
[141]	-68-	0	0	0	1	0	1	0
[141]	-69-	0	0	0	1	0	1	0
[141]	-70-	2	0	0	3	0	1	0
[141]	-71-	3	0	0	4	0	1	0
[141]	-72-	2	0	0	3	0	1	0
[141]	-73-	1	0	0	2	0	1	0
[141]	-74-	0	0	0	1	0	1	0
[141]	-75-	0	0	0	1	0	1	0
[141]	-76-	1	0	0	2	0	1	0
[141]	-77-	0	0	0	1	0	1	0
[141]	-78-	1	0	0	2	0	1	0
[141]	-79-	2	0	0	3	0	1	0
[141]	-80-	0	0	0	1	0	1	0
[141]	-81-	1	0	0	2	0	1	0
[141]	-82-	0	0	0	1	0	1	0
[141]	-83-	0	0	0	1	0	1	0
[141]	-84-	1	0	0	2	0	1	0
[141]	-85-	0	0	0	1	0	1	0
[141]	-86-	2	0	0	3	0	1	0
[141]	-87-	0	0	0	1	0	1	0
[141]	-88-	0	0	0	1	0	1	0
[141]	-89-	1	0	0	2	0	1	0
[141]	-90-	0	0	0	1	0	1	0
[141]	-91-	2	0	0	3	0	1	0
[141]	-92-	0	0	0	1	0	1	0
[141]	-93-	1	0	0	2	0	1	0
[141]	-94-	1	0	0	2	0	1	0
[141]	-95-	1	0	0	2	0	1	0
[141]	-96-	0	0	0	1	0	1	0
[141]	-97-	1	0	0	2	0	1	0
[141]	-98-	3	0	0	4	0	1	0
[141]	-99-	3	0	0	4	0	1	0
[141]	-100-	2	0	0	3	0	1	0
[141]	-101-	1	0	0	2	0	1	0
[141]	-102-	1	0	0	2	0	1	0
[141]	-103-	2	0	0	3	0	1	0
[141]	-104-	0	0	0	1	0	1	0
[141]	-105-	2	0	0	3	0	1	0
[141]	-106-	3	0	0	4	0	1	0
[141]	-107-	2	0	0	3	0	1	0
[141]	-108-	1	0	0	2	0	1	0
[141]	-109-	0	0	0	1	0	1	0
[141]	-110-	1	0	0	2	0	1	0
[141]	-111-	0	0	0	1	0	1	0
[141]	-112-	0	0	0	1	0	1	0
[141]	-113-	0	0	0	1	0	1	0
[141]	-114-	2	0	0	3	0	1	0
[141]	-115-	2	0	0	3	0	1	0
[141]	-116-	1	0	0	2	0	1	0
[141]	-117-	2	0	0	3	0	1	0
[141]	-118-	1	0	0	2	0	1	0
[141]	-119-	0	0	0	1	0	1	0
[141]	-120-	1	0	0	2	0	1	0
[141]	-121-	2	0	0	3	0	1	0
[141]	-122-	2	0	1	3	0	0	0
[141]	-123-	0	0	0	1	0	1	0
[141]	-124-	1	0	0	2	0	1	0
[141]	-125-	1	0	0	2	0	1	0
[141]	-126-	0	0	0	1	0	1	0
[141]	-127-	1	0	0	2	0	1	0
[734]	-0-	10	0	0	13	1	1	0
[734]	-1-	3	0	0	4	0	1	0
[378]	-0-	1	0	0	2	0	1	1
[225]	-0-	1	0	0	2	0	1	1
[700]	-0-	11	0	0	16	1	1	1
[100]	-0-	32	0	1	35	1	0	2
[274]	-0-	1	0	0	2	0	1	1
[512]	-0-	6	0	0	9	1	1	0
[837]	-0-	2	0	0	7	1	1	0
[887]	-0-	10	0	0	15	1	1	1
[139]	-0-	15	1	1	19	1	0	2
[139]	-1-	5	0	0	6	0	1	0
[466]	-0-	43	0	0	48	1	1	1
[624]	-0-	10	0	0	11	0	1	1
[624]	-1-	0	0	0	1	0	1	0
[624]	-2-	1	0	0	2	0	1	0
[208]	-0-	1	0	0	2	0	1	1
[553]	-0-	13	0	0	18	1	1	1
[596]	-0-	23	0	0	28	1	1	1
[188]	-0-	1	0	0	2	0	1	1
[564]	-0-	4	0	0	5	0	1	0
[563]	-0-	2	0	0	3	0	1	0
[549]	-0-	16	0	0	19	1	1	1
[549]	-1-	1	0	0	2	0	1	0
[83]	-0-	9	0	1	12	1	0	2
[474]	-0-	75	1	0	90	4	1	3
[521]	-0-	8	0	0	9	0	1	0
[541]	-0-	12	0	0	17	1	1	0
[610]	-0-	8	0	0	13	1	1	0
[305]	-0-	1	0	0	2	0	1	1
[65]	-0-	8	0	1	11	1	0	2
[888]	-0-	11	0	0	15	1	1	0
[61]	-0-	16	1	0	20	1	1	1
[61]	-1-	1	0	1	2	0	0	0
[701]	-0-	7	0	0	8	0	1	0
[431]	-0-	21	0	0	29	2	1	0
[431]	-1-	26	0	0	27	0	1	0
[431]	-2-	3	0	0	4	0	1	0
[431]	-3-	2	0	0	3	0	1	0
[431]	-4-	6	0	0	7	0	1	0
[431]	-5-	32	0	0	33	0	1	0
[431]	-6-	0	0	0	1	0	1	0
[431]	-7-	22	0	0	23	0	1	0
[431]	-8-	0	0	0	1	0	1	0
[431]	-9-	2	0	0	3	0	1	0
[431]	-10-	2	0	0	3	0	1	0
[431]	-11-	4	0	0	5	0	1	0
[431]	-12-	11	0	0	12	0	1	0
[431]	-13-	0	0	0	1	0	1	0
[431]	-14-	0	0	0	1	0	1	0
[431]	-15-	5	0	0	6	0	1	0
[431]	-16-	2	0	0	3	0	1	0
[431]	-17-	4	0	0	5	0	1	0
[431]	-18-	2	0	0	3	0	1	0
[431]	-19-	3	0	0	4	0	1	0
[431]	-20-	2	0	0	3	0	1	0
[431]	-21-	7	0	0	8	0	1	0
[431]	-22-	4	0	0	5	0	1	0
[431]	-23-	0	0	0	1	0	1	0
[431]	-24-	2	0	0	3	0	1	0
[431]	-25-	1	0	0	2	0	1	0
[431]	-26-	1	0	0	2	0	1	0
[431]	-27-	3	0	0	4	0	1	0
[431]	-28-	0	0	0	1	0	1	0
[431]	-29-	0	0	0	1	0	1	0
[431]	-30-	3	0	0	4	0	1	0
[431]	-31-	3	0	0	4	0	1	0
[431]	-32-	4	0	0	5	0	1	0
[431]	-33-	2	0	0	3	0	1	0
[431]	-34-	1	0	0	2	0	1	0
[431]	-35-	9	0	0	10	0	1	0
[431]	-36-	0	0	0	1	0	1	0
[431]	-37-	3	0	0	4	0	1	0
[431]	-38-	1	0	0	2	0	1	0
[431]	-39-	0	0	0	1	0	1	0
[431]	-40-	0	0	0	1	0	1	0
[431]	-41-	4	0	0	5	0	1	0
[431]	-42-	0	0	0	1	0	1	0
[431]	-43-	1	0	0	2	0	1	0
[431]	-44-	1	0	0	2	0	1	0
[431]	-45-	0	0	0	1	0	1	0
[431]	-46-	3	0	0	4	0	1	0
[431]	-47-	0	0	0	1	0	1	0
[431]	-48-	2	0	0	3	0	1	0
[431]	-49-	0	0	0	1	0	1	0
[431]	-50-	0	0	0	1	0	1	0
[431]	-51-	0	0	0	1	0	1	0
[431]	-52-	1	0	0	2	0	1	0
[431]	-53-	3	0	0	4	0	1	0
[431]	-54-	5	0	0	6	0	1	0
[431]	-55-	1	0	0	2	0	1	0
[431]	-56-	1	0	0	2	0	1	0
[431]	-57-	2	0	0	3	0	1	0
[431]	-58-	0	0	0	1	0	1	0
[431]	-59-	0	0	0	1	0	1	0
[431]	-60-	1	0	0	2	0	1	0
[431]	-61-	1	0	0	2	0	1	0
[431]	-62-	0	0	0	1	0	1	0
[431]	-63-	4	0	0	5	0	1	0
[431]	-64-	2	0	0	3	0	1	0
[431]	-65-	1	0	0	2	0	1	0
[431]	-66-	2	0	0	3	0	1	0
[431]	-67-	0	0	0	1	0	1	0
[431]	-68-	0	0	0	1	0	1	0
[431]	-69-	2	0	0	3	0	1	0
[431]	-70-	0	0	0	1	0	1	0
[431]	-71-	3	0	0	4	0	1	0
[431]	-72-	1	0	0	2	0	1	0
[431]	-73-	0	0	0	1	0	1	0
[431]	-74-	0	0	0	1	0	1	0
[431]	-75-	0	0	0	1	0	1	0
[431]	-76-	1	0	0	2	0	1	0
[431]	-77-	3	0	0	4	0	1	0
[431]	-78-	1	0	0	2	0	1	0
[431]	-79-	0	0	0	1	0	1	0
[431]	-80-	5	0	0	6	0	1	0
[431]	-81-	4	0	0	5	0	1	0
[431]	-82-	3	0	0	4	0	1	0
[431]	-83-	0	0	0	1	0	1	0
[431]	-84-	0	0	0	1	0	1	0
[431]	-85-	0	0	0	1	0	1	0
[431]	-86-	2	0	0	3	0	1	0
[431]	-87-	1	0	0	2	0	1	0
[431]	-88-	0	0	0	1	0	1	0
[431]	-89-	9	0	0	10	0	1	0
[431]	-90-	1	0	0	2	0	1	0
[431]	-91-	3	0	0	4	0	1	0
[431]	-92-	0	0	0	1	0	1	0
[431]	-93-	0	0	0	1	0	1	0
[431]	-94-	3	0	0	4	0	1	0
[431]	-95-	0	0	0	1	0	1	0
[431]	-96-	21	0	0	22	0	1	0
[431]	-97-	2	0	0	3	0	1	0
[431]	-98-	3	0	0	4	0	1	0
[431]	-99-	1	0	0	2	0	1	0
[431]	-100-	1	0	0	2	0	1	0
[431]	-101-	0	0	0	1	0	1	0
[431]	-102-	4	0	0	5	0	1	0
[431]	-103-	2	0	0	3	0	1	0
[431]	-104-	1	0	0	2	0	1	0
[431]	-105-	1	0	0	2	0	1	0
[431]	-106-	0	0	0	1	0	1	0
[431]	-107-	0	0	0	1	0	1	0
[431]	-108-	0	0	0	1	0	1	0
[431]	-109-	0	0	0	1	0	1	0
[431]	-110-	5	0	0	6	0	1	0
[431]	-111-	1	0	0	2	0	1	0
[56]	-0-	14	0	1	17	1	0	1
[591]	-0-	9	0	0	14	1	1	0
[505]	-0-	32	0	0	45	3	1	2
[651]	-0-	19	0	0	24	1	1	0
[594]	-0-	17	0	0	22	1	1	0
[452]	-0-	7	0	0	8	0	1	0
[452]	-1-	4	0	0	5	0	1	0
[452]	-2-	1	0	0	2	0	1	0
[605]	-0-	34	0	0	39	1	1	1
[287]	-0-	1	0	0	2	0	1	1
[84]	-0-	13	1	1	17	1	0	2
[84]	-1-	4	0	0	5	0	1	0
[129]	-0-	10	1	1	14	1	0	2
[129]	-1-	5	0	0	6	0	1	0
[241]	-0-	0	0	0	1	0	1	0
[135]	-0-	16	0	1	19	1	0	2
[175]	-0-	1	0	0	2	0	1	0
[175]	-1-	2	0	0	3	0	1	0
[175]	-2-	7	0	0	8	0	1	0
[175]	-3-	6	0	0	7	0	1	0
[175]	-4-	3	0	0	4	0	1	0
[175]	-5-	4	0	0	5	0	1	0
[175]	-6-	2	0	0	3	0	1	0
[175]	-7-	0	0	0	1	0	1	0
[175]	-8-	1	0	0	2	0	1	0
[175]	-9-	1	0	0	2	0	1	0
[175]	-10-	2	0	0	3	0	1	0
[717]	-0-	2	0	0	3	0	1	0
[727]	-0-	38	0	0	57	6	1	0
[848]	-0-	34	0	0	39	1	1	1
[152]	-0-	17	1	1	21	1	0	2
[152]	-1-	14	0	0	15	0	1	0
[791]	-0-	0	0	0	1	0	1	0
[298]	-0-	2	0	0	3	0	1	1
[592]	-0-	12	0	0	13	0	1	0
[592]	-1-	0	0	0	1	0	1	0
[592]	-2-	0	0	0	1	0	1	0
[592]	-3-	1	0	0	2	0	1	0
[696]	-0-	1	0	0	2	0	1	0
[696]	-1-	9	0	0	10	0	1	0
[696]	-2-	0	0	0	1	0	1	0
[355]	-0-	1	0	0	2	0	1	1
[846]	-0-	14	0	0	19	1	1	0
[835]	-0-	9	0	0	14	1	1	1
[57]	-0-	7	0	1	10	1	0	2
[777]	-0-	4	0	0	5	0	1	0
[777]	-1-	0	0	0	1	0	1	0
[777]	-2-	1	0	0	2	0	1	0
[463]	-0-	9	0	0	14	1	1	0
[420]	-0-	5	0	0	10	1	1	1
[333]	-0-	2	0	0	3	0	1	1
[73]	-0-	8	0	1	11	1	0	2
[579]	-0-	20	0	0	21	0	1	0
[342]	-0-	0	0	0	1	0	1	0
[883]	-0-	10	0	0	15	1	1	0
[171]	-0-	5	1	1	9	1	0	1
[171]	-1-	31	0	0	32	0	1	0
[307]	-0-	1	0	0	2	0	1	1
[600]	-0-	1	0	0	2	0	1	0
[803]	-0-	12	0	0	17	1	1	1
[203]	-0-	1	0	0	2	0	1	0
[649]	-0-	0	0	0	1	0	1	0
[649]	-1-	3	0	0	4	0	1	0
[652]	-0-	7	0	0	11	1	1	0
[111]	-0-	14	0	1	17	1	0	2
[204]	-0-	0	0	0	1	0	1	0
[769]	-0-	1	0	0	2	0	1	0
[246]	-0-	1	0	0	2	0	1	1
[903]	-0-	7	0	0	12	1	1	1
[566]	-0-	7	0	0	12	1	1	0
[60]	-0-	7	1	1	11	1	0	2
[60]	-1-	5	0	0	6	0	1	0
[836]	-0-	22	0	0	25	1	1	0
[836]	-1-	0	0	0	1	0	1	0
[170]	-0-	14	0	1	17	1	0	2
[249]	-0-	2	0	0	3	0	1	1
[834]	-0-	8	0	0	13	1	1	0
[899]	-0-	18	0	0	23	1	1	0
[212]	-0-	0	0	0	1	0	1	0
[367]	-0-	1	0	0	2	0	1	1
[884]	-0-	10	0	0	14	1	1	0
[750]	-0-	17	0	0	26	2	1	0
[558]	-0-	3	0	0	8	1	1	0
[118]	-0-	21	0	1	24	1	0	1
[838]	-0-	50	0	0	55	1	1	0
[895]	-0-	28	0	0	36	2	1	0
[471]	-0-	2	0	0	7	1	1	0
[851]	-0-	5	0	0	10	1	1	0
[499]	-0-	18	0	0	23	1	1	0
[554]	-0-	6	0	0	11	1	1	0
[96]	-0-	38	1	0	42	1	1	0
[96]	-1-	4	0	1	5	0	0	0
[478]	-0-	25	0	0	33	2	1	0
[891]	-0-	9	0	0	14	1	1	0
[489]	-0-	1	0	0	2	0	1	0
[757]	-0-	6	0	0	10	1	1	1
[102]	-0-	9	0	1	12	1	0	1
[850]	-0-	9	0	0	14	1	1	1
[496]	-0-	12	0	0	17	1	1	0
[507]	-0-	13	0	0	18	1	1	1
[113]	-0-	13	0	1	16	1	0	1
[859]	-0-	9	0	0	14	1	1	1
[805]	-0-	12	0	0	17	1	1	1
[813]	-0-	16	0	0	21	1	1	0
[444]	-0-	21	0	0	26	1	1	1
[914]	-0-	0	0	0	1	0	1	0
[776]	-0-	1	0	0	2	0	1	0
[776]	-1-	3	0	0	4	0	1	0
[776]	-2-	0	0	0	1	0	1	0
[174]	-0-	7	0	0	11	1	1	0
[174]	-1-	5	0	0	6	0	1	0
[174]	-2-	2	0	0	3	0	1	0
[174]	-3-	3	0	0	4	0	1	0
[174]	-4-	3	0	0	4	0	1	0
[174]	-5-	2	0	0	3	0	1	0
[849]	-0-	10	0	0	15	1	1	1
[705]	-0-	10	0	0	15	1	1	0
[78]	-0-	9	0	1	12	1	0	2
[503]	-0-	12	0	0	17	1	1	0
[804]	-0-	14	0	0	19	1	1	0
[488]	-0-	1	0	0	2	0	1	0
[582]	-0-	0	0	0	1	0	1	0
[582]	-1-	0	0	0	1	0	1	0
[582]	-2-	0	0	0	1	0	1	0
[755]	-0-	20	0	0	25	1	1	0
[479]	-0-	12	0	0	16	1	1	0
[479]	-1-	5	0	0	6	0	1	0
[479]	-2-	3	0	0	4	0	1	0
[479]	-3-	3	0	0	4	0	1	0
[479]	-4-	2	0	0	3	0	1	0
[133]	-0-	4	0	1	7	1	0	0
[150]	-0-	55	1	1	59	1	0	2
[150]	-1-	7	0	0	8	0	1	0
[450]	-0-	4	0	0	9	1	1	1
[53]	-0-	15	0	1	18	1	0	2
[162]	-0-	13	1	1	17	1	0	1
[162]	-1-	15	0	0	16	0	1	0
[393]	-0-	1	0	0	2	0	1	1
[487]	-0-	5	0	0	6	0	1	0
[754]	-0-	12	0	0	17	1	1	0
[858]	-0-	9	0	0	14	1	1	1
[462]	-0-	4	0	0	5	0	1	0
[462]	-1-	1	0	0	2	0	1	0
[462]	-2-	4	0	0	5	0	1	0
[462]	-3-	0	0	0	1	0	1	0
[462]	-4-	1	0	0	2	0	1	0
[476]	-0-	0	0	0	1	0	1	0
[749]	-0-	2	0	0	3	0	1	0
[749]	-1-	0	0	0	1	0	1	0
[586]	-0-	14	0	0	19	1	1	0
[578]	-0-	14	0	0	15	0	1	0
[578]	-1-	3	0	0	4	0	1	0
[578]	-2-	0	0	0	1	0	1	0
[770]	-0-	3	0	0	8	1	1	0
[756]	-0-	34	0	0	46	3	1	0
[493]	-0-	19	0	0	22	1	1	0
[493]	-1-	0	0	0	1	0	1	0
[504]	-0-	11	0	0	15	1	1	0
[166]	-0-	6	0	1	9	1	0	1
[149]	-0-	14	0	1	17	1	0	1
[263]	-0-	1	0	0	2	0	1	1
[337]	-0-	1	0	0	2	0	1	1
[703]	-0-	6	0	0	11	1	1	0
[419]	-0-	4	0	0	5	0	1	0
[419]	-1-	8	0	0	9	0	1	0
[419]	-2-	0	0	0	1	0	1	0
[419]	-3-	2	0	0	3	0	1	0
[419]	-4-	0	0	0	1	0	1	0
[419]	-5-	0	0	0	1	0	1	0
[419]	-6-	0	0	0	1	0	1	0
[419]	-7-	1	0	0	2	0	1	0
[812]	-0-	8	0	0	13	1	1	1
[173]	-0-	22	1	0	26	1	1	1
[173]	-1-	5	0	1	6	0	0	0
[101]	-0-	17	1	0	21	1	1	1
[101]	-1-	2	0	1	3	0	0	0
[441]	-0-	5	0	0	10	1	1	0
[909]	-0-	8	0	0	13	1	1	0
[667]	-0-	2	0	0	3	0	1	0
[146]	-0-	10	0	1	13	1	0	1
[707]	-0-	1	0	0	2	0	1	0
[707]	-1-	5	0	0	6	0	1	0
[187]	-0-	0	0	0	1	0	1	0
[810]	-0-	5	0	0	10	1	1	0
[857]	-0-	6	0	0	11	1	1	0
[502]	-0-	7	0	0	11	1	1	0
[502]	-1-	0	0	0	1	0	1	0
[502]	-2-	1	0	0	2	0	1	0
[502]	-3-	4	0	0	5	0	1	0
[502]	-4-	7	0	0	8	0	1	0
[502]	-5-	0	0	0	1	0	1	0
[502]	-6-	4	0	0	5	0	1	0
[502]	-7-	0	0	0	1	0	1	0
[97]	-0-	15	1	0	19	1	1	1
[97]	-1-	8	0	1	9	0	0	0
[768]	-0-	4	0	0	9	1	1	0
[229]	-0-	1	0	0	2	0	1	0
[710]	-0-	7	0	0	12	1	1	0
[614]	-0-	5	0	0	10	1	1	1
[665]	-0-	25	0	0	30	1	1	1
[130]	-0-	6	0	1	9	1	0	1
[312]	-0-	1	0	0	2	0	1	1
[910]	-0-	40	0	0	59	5	1	0
[778]	-0-	10	0	0	17	2	1	0
[778]	-1-	2	0	0	3	0	1	0
[864]	-0-	5	0	0	10	1	1	0
[873]	-0-	2	0	0	3	0	1	0
[80]	-0-	7	1	1	11	1	0	2
[80]	-1-	28	0	0	29	0	1	0
[311]	-0-	1	0	0	2	0	1	1
[819]	-0-	4	0	0	9	1	1	0
[399]	-0-	1	0	0	2	0	1	1
[719]	-0-	11	0	0	16	1	1	0
[525]	-0-	3	0	0	4	0	1	0
[525]	-1-	2	0	0	3	0	1	0
[525]	-2-	0	0	0	1	0	1	0
[71]	-0-	8	0	1	11	1	0	0
[327]	-0-	1	0	0	2	0	1	1
[664]	-0-	15	0	0	20	1	1	0
[714]	-0-	2	0	0	3	0	1	0
[818]	-0-	2	0	0	3	0	1	0
[323]	-0-	1	0	0	2	0	1	1
[817]	-0-	8	0	0	13	1	1	0
[767]	-0-	8	0	0	13	1	1	1
[877]	-0-	9	0	0	14	1	1	1
[889]	-0-	10	0	0	15	1	1	0
[720]	-0-	17	0	0	22	1	1	0
[258]	-0-	2	0	0	3	0	1	1
[510]	-0-	4	0	0	5	0	1	0
[510]	-1-	0	0	0	1	0	1	0
[662]	-0-	12	0	0	17	1	1	1
[468]	-0-	2	0	0	3	0	1	1
[468]	-1-	3	0	0	4	0	1	0
[468]	-2-	0	0	0	1	0	1	0
[674]	-0-	0	0	0	1	0	1	0
[674]	-1-	0	0	0	1	0	1	0
[830]	-0-	9	0	0	14	1	1	0
[682]	-0-	12	0	0	15	1	1	0
[682]	-1-	0	0	0	1	0	1	0
[613]	-0-	4	0	0	9	1	1	0
[588]	-0-	1	0	0	2	0	1	1
[626]	-0-	17	0	0	22	1	1	0
[404]	-0-	1	0	0	2	0	1	1
[300]	-0-	2	0	0	3	0	1	1
[542]	-0-	2	0	0	3	0	1	0
[497]	-0-	6	0	0	7	0	1	0
[497]	-1-	5	0	0	6	0	1	0
[497]	-2-	0	0	0	1	0	1	0
[497]	-3-	4	0	0	5	0	1	0
[726]	-0-	8	0	0	13	1	1	0
[261]	-0-	1	0	0	2	0	1	1
[167]	-0-	13	0	1	16	1	0	0
[876]	-0-	6	0	0	11	1	1	1
[627]	-0-	3	0	0	8	1	1	0
[519]	-0-	7	0	0	12	1	1	0
[573]	-0-	12	0	0	17	1	1	0
[911]	-0-	7	0	0	12	1	1	0
[661]	-0-	9	0	0	14	1	1	0
[625]	-0-	3	0	0	8	1	1	0
[775]	-0-	11	0	0	16	1	1	0
[153]	-0-	11	0	1	14	1	0	2
[571]	-0-	11	0	0	16	1	1	1
[628]	-0-	10	0	0	15	1	1	0
[683]	-0-	8	0	0	13	1	1	1
[608]	-0-	17	0	0	18	0	1	1
[608]	-1-	4	0	0	5	0	1	0
[608]	-2-	17	0	0	18	0	1	0
[718]	-0-	10	0	0	15	1	1	0
[692]	-0-	1	0	0	2	0	1	0
[816]	-0-	7	0	0	12	1	1	1
[875]	-0-	4	0	0	9	1	1	1
[568]	-0-	10	0	0	15	1	1	0
[681]	-0-	2	0	0	7	1	1	0
[789]	-0-	7	0	0	12	1	1	1
[125]	-0-	22	1	1	26	1	0	1
[125]	-1-	11	0	0	12	0	1	0
[827]	-0-	5	0	0	9	1	1	0
[105]	-0-	9	0	1	12	1	0	1
[518]	-0-	10	0	0	15	1	1	0
[127]	-0-	29	0	1	32	1	0	1
[154]	-0-	10	0	1	13	1	0	1
[511]	-0-	0	0	0	1	0	1	0
[92]	-0-	4	0	1	5	0	0	0
[155]	-0-	5	1	0	9	1	1	1
[155]	-1-	1	0	1	2	0	0	0
[622]	-0-	5	0	0	9	1	1	0
[828]	-0-	5	0	0	10	1	1	0
[730]	-0-	7	0	0	12	1	1	1
[774]	-0-	5	0	0	10	1	1	0
[374]	-0-	0	0	0	1	0	1	0
[636]	-0-	7	0	0	12	1	1	0
[569]	-0-	91	0	0	127	10	1	1
[741]	-0-	3	0	0	8	1	1	0
[783]	-0-	7	0	0	12	1	1	0
[421]	-0-	20	0	0	25	1	1	0
[421]	-1-	6	0	0	7	0	1	0
[421]	-2-	3	0	0	4	0	1	0
[421]	-3-	4	0	0	5	0	1	0
[421]	-4-	3	0	0	4	0	1	0
[421]	-5-	1	0	0	2	0	1	0
[421]	-6-	0	0	0	1	0	1	0
[421]	-7-	2	0	0	3	0	1	0
[908]	-0-	16	0	0	23	2	1	0
[76]	-0-	10	0	1	13	1	0	0
[793]	-0-	5	0	0	10	1	1	0
[91]	-0-	14	1	0	18	1	1	1
[91]	-1-	2	0	1	3	0	0	0
[795]	-0-	9	0	0	10	0	1	0
[790]	-0-	1	0	0	2	0	1	0
[67]	-0-	14	1	1	18	1	0	1
[67]	-1-	17	0	0	18	0	1	0
[820]	-0-	4	0	0	8	1	1	0
[576]	-0-	9	0	0	14	1	1	0
[239]	-0-	1	0	0	2	0	1	0
[551]	-0-	3	0	0	4	0	1	0
[551]	-1-	5	0	0	6	0	1	0
[551]	-2-	0	0	0	1	0	1	0
[722]	-0-	8	0	0	13	1	1	0
[785]	-0-	4	0	0	9	1	1	0
[293]	-0-	1	0	0	2	0	1	1
[643]	-0-	6	0	0	11	1	1	0
[148]	-0-	6	0	1	9	1	0	0
[484]	-0-	6	0	0	10	1	1	0
[484]	-1-	2	0	0	3	0	1	0
[484]	-2-	7	0	0	8	0	1	0
[484]	-3-	2	0	0	3	0	1	0
[484]	-4-	0	0	0	1	0	1	0
[484]	-5-	1	0	0	2	0	1	0
[484]	-6-	1	0	0	2	0	1	0
[484]	-7-	1	0	0	2	0	1	0
[672]	-0-	12	0	0	20	2	1	2
[672]	-1-	3	0	0	4	0	1	0
[752]	-0-	6	0	0	9	1	1	0
[527]	-0-	4	0	0	8	1	1	0
[527]	-1-	3	0	0	4	0	1	0
[527]	-2-	4	0	0	5	0	1	0
[527]	-3-	7	0	0	8	0	1	0
[527]	-4-	1	0	0	2	0	1	0
[527]	-5-	0	0	0	1	0	1	0
[527]	-6-	2	0	0	3	0	1	0
[527]	-7-	0	0	0	1	0	1	0
[524]	-0-	7	0	0	12	1	1	1
[733]	-0-	6	0	0	11	1	1	1
[686]	-0-	7	0	0	11	1	1	0
[746]	-0-	13	0	0	20	2	1	0
[642]	-0-	12	0	0	17	1	1	1
[376]	-0-	0	0	0	1	0	1	0
[328]	-0-	2	0	0	3	0	1	1
[59]	-0-	41	1	0	45	1	1	1
[59]	-1-	1	0	1	2	0	0	0
[163]	-0-	10	0	1	13	1	0	2
[380]	-0-	0	0	0	1	0	1	0
[885]	-0-	11	0	0	16	1	1	0
[906]	-0-	4	0	0	9	1	1	0
[540]	-0-	4	0	0	9	1	1	1
[574]	-0-	7	0	0	12	1	1	1
[784]	-0-	3	0	0	8	1	1	0
[831]	-0-	26	0	0	31	1	1	0
[509]	-0-	6	0	0	7	0	1	0
[509]	-1-	1	0	0	2	0	1	0
[509]	-2-	0	0	0	1	0	1	0
[291]	-0-	1	0	0	2	0	1	1
[630]	-0-	5	0	0	10	1	1	0
[294]	-0-	0	0	0	1	0	1	0
[179]	-0-	0	0	0	1	0	1	0
[480]	-0-	11	0	0	12	0	1	0
[480]	-1-	0	0	0	1	0	1	0
[480]	-2-	1	0	0	2	0	1	0
[352]	-0-	1	0	0	2	0	1	1
[371]	-0-	0	0	0	1	0	1	0
[143]	-0-	7	0	1	10	1	0	1
[865]	-0-	12	0	0	23	3	1	0
[168]	-0-	8	1	1	12	1	0	1
[168]	-1-	5	0	0	6	0	1	0
[593]	-0-	4	0	0	9	1	1	1
[460]	-0-	9	0	0	14	1	1	1
[520]	-0-	6	0	0	11	1	1	0
[699]	-0-	1	0	0	2	0	1	0
[676]	-0-	26	0	0	37	3	1	0
[351]	-0-	1	0	0	2	0	1	0
[79]	-0-	14	0	1	17	1	0	2
[121]	-0-	11	1	1	15	1	0	0
[121]	-1-	5	0	0	6	0	1	0
[245]	-0-	1	0	0	2	0	1	1
[226]	-0-	1	0	0	2	0	1	1
[792]	-0-	2	0	0	3	0	1	0
[905]	-0-	9	0	0	14	1	1	0
[904]	-0-	5	0	0	10	1	1	1
[457]	-0-	4	0	0	9	1	1	1
[697]	-0-	6	0	0	11	1	1	0
[537]	-0-	3	0	0	8	1	1	0
[547]	-0-	8	0	0	9	0	1	1
[547]	-1-	0	0	0	1	0	1	0
[547]	-2-	0	0	0	1	0	1	0
[602]	-0-	6	0	0	11	1	1	1
[86]	-0-	9	0	1	12	1	0	0
[732]	-0-	4	0	0	9	1	1	0
[641]	-0-	10	0	0	15	1	1	1
[491]	-0-	0	0	0	1	0	1	0
[808]	-0-	1	0	0	2	0	1	0
[808]	-1-	2	0	0	3	0	1	0
[252]	-0-	1	0	0	2	0	1	1
[721]	-0-	0	0	0	1	0	1	0
[721]	-1-	9	0	0	10	0	1	0
[721]	-2-	6	0	0	7	0	1	0
[266]	-0-	0	0	0	1	0	1	0
[385]	-0-	1	0	0	2	0	1	1
[124]	-0-	20	1	1	24	1	0	1
[124]	-1-	2	0	0	3	0	1	0
[400]	-0-	2	0	0	3	0	1	1
[581]	-0-	0	0	0	1	0	1	0
[764]	-0-	3	0	0	7	1	1	0
[567]	-0-	26	0	0	29	1	1	0
[567]	-1-	1	0	0	2	0	1	0
[552]	-0-	4	0	0	9	1	1	1
[538]	-0-	9	0	0	10	0	1	0
[538]	-1-	9	0	0	10	0	1	0
[486]	-0-	3	0	0	4	0	1	0
[744]	-0-	14	0	0	19	1	1	1
[698]	-0-	10	0	0	15	1	1	0
[210]	-0-	0	0	0	1	0	1	0
[182]	-0-	1	0	0	2	0	1	0
[348]	-0-	1	0	0	2	0	1	1
[881]	-0-	7	0	0	12	1	1	0
[107]	-0-	23	1	1	27	1	0	0
[107]	-1-	9	0	0	10	0	1	0
[731]	-0-	3	0	0	8	1	1	1
[645]	-0-	3	0	0	4	0	1	0
[604]	-0-	4	0	0	5	0	1	0
[604]	-1-	0	0	0	1	0	1	0
[684]	-0-	20	0	0	25	1	1	0
[461]	-0-	20	0	0	28	2	1	0
[461]	-1-	13	0	0	14	0	1	0
[461]	-2-	3	0	0	4	0	1	0
[535]	-0-	10	0	0	15	1	1	0
[442]	-0-	13	0	0	14	0	1	0
[695]	-0-	12	0	0	17	1	1	0
[123]	-0-	5	0	1	8	1	0	0
[280]	-0-	1	0	0	2	0	1	1
[760]	-0-	3	0	0	6	1	1	0
[108]	-0-	9	0	1	12	1	0	1
[653]	-0-	5	0	0	10	1	1	0
[325]	-0-	1	0	0	2	0	1	1
[363]	-0-	0	0	0	1	0	1	0
[601]	-0-	12	0	0	19	2	1	1
[650]	-0-	2	0	0	3	0	1	0
[271]	-0-	0	0	0	1	0	1	0
[156]	-0-	12	0	1	15	1	0	2
[396]	-0-	0	0	0	1	0	1	0
[232]	-0-	1	0	0	2	0	1	0
[54]	-0-	20	1	1	24	1	0	1
[54]	-1-	3	0	0	4	0	1	0
[231]	-0-	0	0	0	1	0	1	0
[761]	-0-	4	0	0	9	1	1	0
[561]	-0-	11	0	0	12	0	1	0
[561]	-1-	10	0	0	11	0	1	0
[561]	-2-	0	0	0	1	0	1	0
[561]	-3-	0	0	0	1	0	1	0
[544]	-0-	4	0	0	8	1	1	0
[544]	-1-	21	0	0	22	0	1	0
[544]	-2-	2	0	0	3	0	1	0
[545]	-0-	6	0	0	7	0	1	0
[545]	-1-	11	0	0	12	0	1	0
[545]	-2-	2	0	0	3	0	1	0
[772]	-0-	0	0	0	1	0	1	0
[740]	-0-	7	0	0	8	0	1	0
[691]	-0-	9	0	0	14	1	1	0
[169]	-0-	9	0	1	12	1	0	2
[584]	-0-	4	0	0	9	1	1	0
[742]	-0-	10	0	0	15	1	1	0
[453]	-0-	3	0	0	8	1	1	0
[62]	-0-	7	0	1	10	1	0	0
[704]	-0-	2	0	0	3	0	1	0
[418]	-0-	5	0	0	6	0	1	0
[418]	-1-	0	0	0	1	0	1	0
[550]	-0-	11	0	0	16	1	1	1
[879]	-0-	1	0	0	5	1	1	0
[160]	-0-	50	1	0	54	1	1	1
[160]	-1-	6	0	1	7	0	0	0
[465]	-0-	6	0	0	10	1	1	0
[465]	-1-	0	0	0	1	0	1	0
[465]	-2-	2	0	0	3	0	1	0
[465]	-3-	2	0	0	3	0	1	0
[465]	-4-	2	0	0	3	0	1	0
[465]	-5-	3	0	0	4	0	1	0
[465]	-6-	1	0	0	2	0	1	0
[465]	-7-	2	0	0	3	0	1	0
[860]	-0-	45	0	0	59	4	1	0
[120]	-0-	4	0	1	7	1	0	1
[842]	-0-	13	0	0	22	3	1	0
[896]	-0-	18	0	0	23	1	1	0
[534]	-0-	9	0	0	14	1	1	1
[743]	-0-	8	0	0	13	1	1	0
[469]	-0-	8	0	0	13	1	1	0
[426]	-0-	12	0	0	17	1	1	0
[236]	-0-	1	0	0	2	0	1	1
[560]	-0-	7	0	0	12	1	1	0
[856]	-0-	9	0	0	10	0	1	0
[606]	-0-	8	0	0	13	1	1	0
[359]	-0-	1	0	0	2	0	1	1
[897]	-0-	4	0	0	9	1	1	0
[599]	-0-	8	0	0	13	1	1	0
[646]	-0-	2	0	0	6	1	1	0
[425]	-0-	18	0	0	23	1	1	0
[58]	-0-	8	0	1	11	1	0	0
[289]	-0-	2	0	0	3	0	1	0
[391]	-0-	1	0	0	2	0	1	0
[548]	-0-	3	0	0	8	1	1	0
[498]	-0-	3	0	0	4	0	1	0
[841]	-0-	7	0	0	12	1	1	0
[867]	-0-	8	0	0	13	1	1	0
[687]	-0-	12	0	0	20	2	1	0
[440]	-0-	5	0	0	9	1	1	0
[440]	-1-	3	0	0	4	0	1	0
[440]	-2-	3	0	0	4	0	1	0
[440]	-3-	3	0	0	4	0	1	0
[440]	-4-	3	0	0	4	0	1	0
[440]	-5-	0	0	0	1	0	1	0
[440]	-6-	2	0	0	3	0	1	0
[440]	-7-	0	0	0	1	0	1	0
[796]	-0-	12	0	0	17	1	1	0
[109]	-0-	13	0	1	16	1	0	0
[433]	-0-	9	0	0	14	1	1	0
[330]	-0-	1	0	0	2	0	1	0
[356]	-0-	0	0	0	1	0	1	0
[693]	-0-	4	0	0	9	1	1	0
[797]	-0-	11	0	0	16	1	1	0
[840]	-0-	3	0	0	8	1	1	0
[161]	-0-	13	1	1	17	1	0	0
[161]	-1-	3	0	0	4	0	1	0
[794]	-0-	0	0	0	1	0	1	0
[427]	-0-	9	0	0	14	1	1	0
[335]	-0-	0	0	0	1	0	1	0
[787]	-0-	1	0	0	2	0	1	0
[787]	-1-	1	0	0	2	0	1	0
[612]	-0-	4	0	0	5	0	1	0
[801]	-0-	3	0	0	4	0	1	0
[878]	-0-	8	0	0	13	1	1	1
[296]	-0-	1	0	0	2	0	1	0
[854]	-0-	12	0	0	17	1	1	0
[798]	-0-	9	0	0	14	1	1	0
[708]	-0-	10	0	0	17	2	1	0
[473]	-0-	18	0	0	25	2	1	0
[473]	-1-	0	0	0	1	0	1	0
[473]	-2-	0	0	0	1	0	1	0
[473]	-3-	0	0	0	1	0	1	0
[473]	-4-	1	0	0	2	0	1	0
[473]	-5-	2	0	0	3	0	1	0
[473]	-6-	0	0	0	1	0	1	0
[473]	-7-	0	0	0	1	0	1	0
[657]	-0-	6	0	0	11	1	1	0
[556]	-0-	11	0	0	16	1	1	0
[546]	-0-	6	0	0	11	1	1	0
[508]	-0-	8	0	0	13	1	1	0
[74]	-0-	4	0	1	7	1	0	0
[435]	-0-	10	0	0	15	1	1	0
[82]	-0-	6	1	1	10	1	0	0
[82]	-1-	7	0	0	8	0	1	0
[555]	-0-	3	0	0	4	0	1	0
[555]	-1-	2	0	0	3	0	1	0
[555]	-2-	1	0	0	2	0	1	0
[85]	-0-	22	0	1	25	1	0	0
[272]	-0-	0	0	0	1	0	1	0
[477]	-0-	2	0	0	3	0	1	0
[852]	-0-	4	0	0	9	1	1	1
[839]	-0-	6	0	0	11	1	1	1
[157]	-0-	9	0	1	12	1	0	0
[907]	-0-	5	0	0	10	1	1	0
[557]	-0-	9	0	0	14	1	1	0
[658]	-0-	14	0	0	19	1	1	0
[500]	-0-	4	0	0	8	1	1	0
[434]	-0-	6	0	0	11	1	1	0
[284]	-0-	1	0	0	2	0	1	1
[386]	-0-	0	0	0	1	0	1	0
[369]	-0-	0	0	0	1	0	1	0
[119]	-0-	12	1	0	16	1	1	0
[119]	-1-	3	0	1	4	0	0	0
[892]	-0-	12	0	0	19	2	1	0
[364]	-0-	0	0	0	1	0	1	0
[454]	-0-	5	0	0	10	1	1	0
[122]	-0-	9	0	1	12	1	0	0
[75]	-0-	7	1	1	11	1	0	1
[75]	-1-	6	0	0	7	0	1	0
[132]	-0-	28	1	0	32	1	1	0
[132]	-1-	15	0	1	16	0	0	0
[609]	-0-	4	0	0	9	1	1	1
[844]	-0-	3	0	0	8	1	1	0
[900]	-0-	6	0	0	11	1	1	0
[809]	-0-	9	0	0	14	1	1	0
[855]	-0-	10	0	0	15	1	1	0
[68]	-0-	6	0	1	9	1	0	0
[485]	-0-	6	0	0	11	1	1	0
[633]	-0-	23	0	0	28	1	1	0
[748]	-0-	5	0	0	10	1	1	1
[802]	-0-	5	0	0	10	1	1	0
[901]	-0-	9	0	0	14	1	1	0
[762]	-0-	4	0	0	9	1	1	0
[126]	-0-	6	0	1	9	1	0	0
[63]	-0-	13	0	1	16	1	0	1
[671]	-0-	1	0	0	2	0	1	1
[671]	-1-	1	0	0	2	0	1	0
[458]	-0-	3	0	0	4	0	1	0
[458]	-1-	6	0	0	7	0	1	0
[458]	-2-	0	0	0	1	0	1	0
[95]	-0-	22	0	1	25	1	0	1
[140]	-0-	4	1	1	8	1	0	0
[140]	-1-	11	0	0	12	0	1	0
[709]	-0-	16	0	0	25	2	1	0
[898]	-0-	4	0	0	9	1	1	0
[807]	-0-	7	0	0	14	2	1	0
[432]	-0-	5	0	0	10	1	1	1
[482]	-0-	4	0	0	9	1	1	1
[144]	-0-	10	1	0	14	1	1	0
[144]	-1-	6	0	1	7	0	0	0
[145]	-0-	5	0	1	8	1	0	0
[219]	-0-	0	0	0	1	0	1	0
[455]	-0-	0	0	0	1	0	1	0
[455]	-1-	7	0	0	8	0	1	0
[159]	-0-	8	0	1	11	1	0	1
[800]	-0-	3	0	0	8	1	1	0
[763]	-0-	8	0	0	12	1	1	0
[862]	-0-	5	0	0	10	1	1	0
[72]	-0-	16	1	1	20	1	0	0
[72]	-1-	8	0	0	9	0	1	0
[110]	-0-	14	1	0	18	1	1	0
[110]	-1-	1	0	1	2	0	0	0
[562]	-0-	3	0	0	8	1	1	0
[414]	-0-	1	0	0	2	0	1	1
[424]	-0-	10	0	0	11	0	1	0
[424]	-1-	0	0	0	1	0	1	0
[424]	-2-	1	0	0	2	0	1	0
[128]	-0-	15	0	1	18	1	0	0
[729]	-0-	3	0	0	4	0	1	0
[729]	-1-	1	0	0	2	0	1	0
[495]	-0-	17	0	0	22	1	1	0
[495]	-1-	3	0	0	4	0	1	0
[495]	-2-	2	0	0	3	0	1	0
[747]	-0-	5	0	0	10	1	1	0
[81]	-0-	7	1	0	11	1	1	1
[81]	-1-	1	0	1	2	0	0	0
[706]	-0-	1	0	0	2	0	1	0
[815]	-0-	2	0	0	7	1	1	0
[861]	-0-	7	0	0	12	1	1	0
[648]	-0-	10	0	0	15	1	1	0
[648]	-1-	3	0	0	4	0	1	0
[806]	-0-	2	0	0	7	1	1	0
[90]	-0-	13	0	1	16	1	0	0
[894]	-0-	1	0	0	2	0	1	0
[437]	-0-	7	0	0	14	2	1	0
[341]	-0-	1	0	0	2	0	1	0
[773]	-0-	6	0	0	11	1	1	0
[660]	-0-	8	0	0	13	1	1	0
[77]	-0-	9	0	1	12	1	0	0
[104]	-0-	11	0	1	14	1	0	0
[523]	-0-	3	0	0	4	0	1	0
[759]	-0-	12	0	0	19	2	1	0
[853]	-0-	5	0	0	10	1	1	0
[590]	-0-	0	0	0	1	0	1	0
[590]	-1-	2	0	0	3	0	1	0
[715]	-0-	6	0	0	11	1	1	0
[93]	-0-	21	1	1	25	1	0	0
[93]	-1-	9	0	0	10	0	1	0
[447]	-0-	7	0	0	10	1	1	0
[447]	-1-	0	0	0	1	0	1	0
[447]	-2-	0	0	0	1	0	1	0
[483]	-0-	16	0	0	17	0	1	0
[483]	-1-	0	0	0	1	0	1	0
[483]	-2-	0	0	0	1	0	1	0
[177]	-0-	0	0	0	1	0	1	0
[430]	-0-	7	0	0	8	0	1	0
[430]	-1-	1	0	0	2	0	1	0
[430]	-2-	0	0	0	1	0	1	0
[430]	-3-	2	0	0	3	0	1	0
[668]	-0-	20	0	0	29	2	1	0
[668]	-1-	0	0	0	1	0	1	0
[668]	-2-	6	0	0	7	0	1	0
[533]	-0-	2	0	0	3	0	1	0
[533]	-1-	3	0	0	4	0	1	0
[620]	-0-	4	0	0	8	1	1	0
[198]	-0-	0	0	0	1	0	1	0
[863]	-0-	2	0	0	3	0	1	0
[843]	-0-	8	0	0	13	1	1	0
[223]	-0-	0	0	0	1	0	1	0
[670]	-0-	1	0	0	6	1	1	0
[915]	-0-	5	0	0	10	1	1	0
[598]	-0-	5	0	0	6	0	1	0
[448]	-0-	4	0	0	9	1	1	0
[655]	-0-	4	0	0	5	0	1	0
[655]	-1-	1	0	0	2	0	1	0
[655]	-2-	1	0	0	2	0	1	0
[771]	-0-	6	0	0	11	1	1	0
[872]	-0-	11	0	0	16	1	1	0
[481]	-0-	23	0	0	31	2	1	0
[481]	-1-	5	0	0	6	0	1	0
[481]	-2-	0	0	0	1	0	1	0
[388]	-0-	0	0	0	1	0	1	0
[871]	-0-	5	0	0	10	1	1	0
[142]	-0-	10	0	1	13	1	0	0
[383]	-0-	0	0	0	1	0	1	0
[409]	-0-	1	0	0	2	0	1	0
[116]	-0-	14	1	0	18	1	1	0
[116]	-1-	6	0	1	7	0	0	0
[565]	-0-	9	0	0	17	2	1	0
[47]	-0-	2	0	0	3	0	1	0
[47]	-1-	5	0	0	6	0	1	0
[47]	-2-	3	0	0	4	0	1	0
[47]	-3-	2	0	0	3	0	1	0
[47]	-4-	0	0	0	1	0	1	0
[47]	-5-	0	0	0	1	0	1	0
[47]	-6-	1	0	0	2	0	1	0
[47]	-7-	0	0	0	1	0	1	0
[47]	-8-	5	0	0	6	0	1	0
[47]	-9-	0	0	0	1	0	1	0
[47]	-10-	0	0	0	1	0	1	0
[47]	-11-	3	0	0	4	0	1	0
[47]	-12-	3	0	0	4	0	1	0
[47]	-13-	2	0	0	3	0	1	0
[47]	-14-	0	0	0	1	0	1	0
[47]	-15-	1	0	0	2	0	1	0
[47]	-16-	9	0	0	10	0	1	0
[47]	-17-	4	0	0	5	0	1	0
[47]	-18-	2	0	0	3	0	1	0
[47]	-19-	3	0	0	4	0	1	0
[47]	-20-	3	0	0	4	0	1	0
[47]	-21-	1	0	0	2	0	1	0
[47]	-22-	1	0	0	2	0	1	0
[47]	-23-	1	0	0	2	0	1	0
[47]	-24-	0	0	0	1	0	1	0
[47]	-25-	6	0	0	7	0	1	0
[47]	-26-	1	0	0	2	0	1	0
[47]	-27-	4	0	0	5	0	1	0
[47]	-28-	1	0	0	2	0	1	0
[47]	-29-	2	0	0	3	0	1	0
[47]	-30-	1	0	0	2	0	1	0
[47]	-31-	0	0	0	1	0	1	0
[47]	-32-	1	0	0	2	0	1	0
[47]	-33-	1	0	0	2	0	1	0
[47]	-34-	0	0	0	1	0	1	0
[47]	-35-	0	0	0	1	0	1	0
[47]	-36-	0	0	0	1	0	1	0
[47]	-37-	1	0	0	2	0	1	0
[47]	-38-	0	0	0	1	0	1	0
[47]	-39-	0	0	0	1	0	1	0
[47]	-40-	0	0	0	1	0	1	0
[47]	-41-	4	0	0	5	0	1	0
[47]	-42-	2	0	0	3	0	1	0
[47]	-43-	4	0	0	5	0	1	0
[47]	-44-	1	0	0	2	0	1	0
[47]	-45-	3	0	0	4	0	1	0
[47]	-46-	0	0	0	1	0	1	0
[47]	-47-	1	0	0	2	0	1	0
[47]	-48-	1	0	0	2	0	1	0
[47]	-49-	3	0	0	4	0	1	0
[47]	-50-	0	0	0	1	0	1	0
[47]	-51-	4	0	0	5	0	1	0
[47]	-52-	1	0	0	2	0	1	0
[47]	-53-	1	0	0	2	0	1	0
[47]	-54-	2	0	0	3	0	1	0
[47]	-55-	1	0	0	2	0	1	0
[47]	-56-	0	0	0	1	0	1	0
[47]	-57-	1	0	0	2	0	1	0
[47]	-58-	4	0	0	5	0	1	0
[47]	-59-	1	0	0	2	0	1	0
[47]	-60-	0	0	0	1	0	1	0
[47]	-61-	1	0	0	2	0	1	0
[47]	-62-	1	0	0	2	0	1	0
[47]	-63-	1	0	0	2	0	1	0
[47]	-64-	1	0	0	2	0	1	0
[47]	-65-	4	0	0	5	0	1	0
[47]	-66-	1	0	0	2	0	1	0
[47]	-67-	0	0	0	1	0	1	0
[47]	-68-	0	0	0	1	0	1	0
[47]	-69-	0	0	0	1	0	1	0
[47]	-70-	0	0	0	1	0	1	0
[47]	-71-	0	0	0	1	0	1	0
[47]	-72-	0	0	0	1	0	1	0
[47]	-73-	0	0	0	1	0	1	0
[47]	-74-	1	0	0	2	0	1	0
[47]	-75-	1	0	0	2	0	1	0
[47]	-76-	1	0	0	2	0	1	0
[47]	-77-	1	0	0	2	0	1	0
[47]	-78-	1	0	0	2	0	1	0
[47]	-79-	0	0	0	1	0	1	0
[47]	-80-	2	0	0	3	0	1	0
[47]	-81-	2	0	0	3	0	1	0
[47]	-82-	0	0	0	1	0	1	0
[47]	-83-	0	0	0	1	0	1	0
[47]	-84-	1	0	0	2	0	1	0
[47]	-85-	0	0	0	1	0	1	0
[47]	-86-	0	0	0	1	0	1	0
[47]	-87-	1	0	0	2	0	1	0
[47]	-88-	14	0	0	15	0	1	0
[47]	-89-	0	0	0	1	0	1	0
[47]	-90-	0	0	0	1	0	1	0
[47]	-91-	1	0	0	2	0	1	0
[47]	-92-	0	0	0	1	0	1	0
[47]	-93-	0	0	0	1	0	1	0
[47]	-94-	0	0	0	1	0	1	0
[47]	-95-	1	0	0	2	0	1	0
[47]	-96-	0	0	0	1	0	1	0
[47]	-97-	0	0	0	1	0	1	0
[47]	-98-	1	0	0	2	0	1	0
[47]	-99-	0	0	0	1	0	1	0
[47]	-100-	0	0	0	1	0	1	0
[47]	-101-	2	0	0	3	0	1	0
[47]	-102-	2	0	0	3	0	1	0
[47]	-103-	0	0	0	1	0	1	0
[47]	-104-	0	0	0	1	0	1	0
[47]	-105-	0	0	0	1	0	1	0
[47]	-106-	0	0	0	1	0	1	0
[47]	-107-	1	0	0	2	0	1	0
[47]	-108-	1	0	0	2	0	1	0
[47]	-109-	2	0	0	3	0	1	0
[47]	-110-	2	0	0	3	0	1	0
[47]	-111-	0	0	0	1	0	1	0
[47]	-112-	0	0	0	1	0	1	0
[47]	-113-	1	0	0	2	0	1	0
[47]	-114-	0	0	0	1	0	1	0
[47]	-115-	1	0	0	2	0	1	0
[47]	-116-	2	0	0	3	0	1	0
[47]	-117-	4	0	0	5	0	1	0
[47]	-118-	5	0	0	6	0	1	0
[47]	-119-	1	0	0	2	0	1	0
[47]	-120-	0	0	0	1	0	1	0
[47]	-121-	1	0	0	2	0	1	0
[47]	-122-	1	0	0	2	0	1	0
[47]	-123-	0	0	0	1	0	1	0
[47]	-124-	2	0	0	3	0	1	0
[47]	-125-	0	0	0	1	0	1	0
[47]	-126-	1	0	0	2	0	1	0
[47]	-127-	0	0	0	1	0	1	0
[47]	-128-	3	0	0	4	0	1	0
[47]	-129-	1	0	0	2	0	1	0
[47]	-130-	3	0	0	4	0	1	0
[47]	-131-	0	0	0	1	0	1	0
[47]	-132-	0	0	0	1	0	1	0
[47]	-133-	1	0	0	2	0	1	0
[47]	-134-	0	0	0	1	0	1	0
[47]	-135-	1	0	0	2	0	1	0
[47]	-136-	2	0	0	3	0	1	0
[47]	-137-	0	0	0	1	0	1	0
[47]	-138-	1	0	0	2	0	1	0
[47]	-139-	0	0	0	1	0	1	0
[47]	-140-	3	0	0	4	0	1	0
[47]	-141-	1	0	0	2	0	1	0
[47]	-142-	2	0	0	3	0	1	0
[47]	-143-	0	0	0	1	0	1	0
[47]	-144-	1	0	0	2	0	1	0
[47]	-145-	0	0	0	1	0	1	0
[47]	-146-	1	0	0	2	0	1	0
[47]	-147-	2	0	0	3	0	1	0
[47]	-148-	2	0	0	3	0	1	0
[47]	-149-	0	0	0	1	0	1	0
[47]	-150-	0	0	0	1	0	1	0
[47]	-151-	1	0	0	2	0	1	0
[47]	-152-	0	0	0	1	0	1	0
[47]	-153-	1	0	0	2	0	1	0
[712]	-0-	7	0	0	12	1	1	0
[94]	-0-	16	0	1	19	1	0	0
[822]	-0-	6	0	0	11	1	1	0
[870]	-0-	4	0	0	9	1	1	0
[814]	-0-	6	0	0	11	1	1	0
[114]	-0-	9	0	1	12	1	0	0
[669]	-0-	5	0	0	10	1	1	0
[279]	-0-	2	0	0	3	0	1	1
[117]	-0-	6	0	1	9	1	0	0
[615]	-0-	6	0	0	7	0	1	0
[615]	-1-	0	0	0	1	0	1	0
[615]	-2-	1	0	0	2	0	1	0
[615]	-3-	2	0	0	3	0	1	0
[164]	-0-	9	0	1	12	1	0	0
[412]	-0-	0	0	0	1	0	1	0
[536]	-0-	6	0	0	7	0	1	0
[345]	-0-	0	0	0	1	0	1	0
[165]	-0-	5	1	1	9	1	0	0
[165]	-1-	0	0	0	1	0	1	0
[192]	-0-	1	0	0	2	0	1	0
[659]	-0-	4	0	0	9	1	1	0
[780]	-0-	6	0	0	11	1	1	0
[138]	-0-	9	0	1	12	1	0	0
[723]	-0-	2	0	0	7	1	1	0
[103]	-0-	13	1	0	17	1	1	0
[103]	-1-	7	0	1	8	0	0	0
[410]	-0-	0	0	0	1	0	1	0
[439]	-0-	3	0	0	4	0	1	0
[439]	-1-	4	0	0	5	0	1	0
[439]	-2-	4	0	0	5	0	1	0
[439]	-3-	5	0	0	6	0	1	0
[439]	-4-	1	0	0	2	0	1	0
[439]	-5-	3	0	0	4	0	1	0
[439]	-6-	1	0	0	2	0	1	0
[439]	-7-	1	0	0	2	0	1	0
[439]	-8-	2	0	0	3	0	1	0
[439]	-9-	0	0	0	1	0	1	0
[439]	-10-	0	0	0	1	0	1	0
[439]	-11-	3	0	0	4	0	1	0
[439]	-12-	1	0	0	2	0	1	0
[439]	-13-	6	0	0	7	0	1	0
[439]	-14-	0	0	0	1	0	1	0
[439]	-15-	3	0	0	4	0	1	0
[439]	-16-	2	0	0	3	0	1	0
[439]	-17-	0	0	0	1	0	1	0
[439]	-18-	1	0	0	2	0	1	0
[439]	-19-	8	0	0	9	0	1	0
[439]	-20-	1	0	0	2	0	1	0
[439]	-21-	5	0	0	6	0	1	0
[439]	-22-	3	0	0	4	0	1	0
[439]	-23-	7	0	0	8	0	1	0
[439]	-24-	0	0	0	1	0	1	0
[439]	-25-	0	0	0	1	0	1	0
[439]	-26-	3	0	0	4	0	1	0
[439]	-27-	4	0	0	5	0	1	0
[439]	-28-	3	0	0	4	0	1	0
[439]	-29-	1	0	0	2	0	1	0
[439]	-30-	4	0	0	5	0	1	0
[439]	-31-	2	0	0	3	0	1	0
[439]	-32-	3	0	0	4	0	1	0
[439]	-33-	0	0	0	1	0	1	0
[439]	-34-	1	0	0	2	0	1	0
[439]	-35-	2	0	0	3	0	1	0
[439]	-36-	1	0	0	2	0	1	0
[439]	-37-	1	0	0	2	0	1	0
[439]	-38-	1	0	0	2	0	1	0
[439]	-39-	3	0	0	4	0	1	0
[439]	-40-	0	0	0	1	0	1	0
[439]	-41-	0	0	0	1	0	1	0
[439]	-42-	0	0	0	1	0	1	0
[439]	-43-	0	0	0	1	0	1	0
[439]	-44-	2	0	0	3	0	1	0
[439]	-45-	0	0	0	1	0	1	0
[439]	-46-	0	0	0	1	0	1	0
[439]	-47-	2	0	0	3	0	1	0
[439]	-48-	1	0	0	2	0	1	0
[439]	-49-	3	0	0	4	0	1	0
[439]	-50-	1	0	0	2	0	1	0
[439]	-51-	2	0	0	3	0	1	0
[439]	-52-	2	0	0	3	0	1	0
[439]	-53-	1	0	0	2	0	1	0
[439]	-54-	2	0	0	3	0	1	0
[439]	-55-	1	0	0	2	0	1	0
[439]	-56-	0	0	0	1	0	1	0
[439]	-57-	0	0	0	1	0	1	0
[439]	-58-	0	0	0	1	0	1	0
[439]	-59-	1	0	0	2	0	1	0
[439]	-60-	0	0	0	1	0	1	0
[439]	-61-	1	0	0	2	0	1	0
[439]	-62-	2	0	0	3	0	1	0
[439]	-63-	0	0	0	1	0	1	0
[439]	-64-	1	0	0	2	0	1	0
[439]	-65-	0	0	0	1	0	1	0
[439]	-66-	0	0	0	1	0	1	0
[439]	-67-	1	0	0	2	0	1	0
[439]	-68-	0	0	0	1	0	1	0
[439]	-69-	2	0	0	3	0	1	0
[439]	-70-	1	0	0	2	0	1	0
[439]	-71-	1	0	0	2	0	1	0
[439]	-72-	1	0	0	2	0	1	0
[439]	-73-	1	0	0	2	0	1	0
[439]	-74-	2	0	0	3	0	1	0
[439]	-75-	0	0	0	1	0	1	0
[439]	-76-	0	0	0	1	0	1	0
[439]	-77-	4	0	0	5	0	1	0
[439]	-78-	2	0	0	3	0	1	0
[439]	-79-	0	0	0	1	0	1	0
[439]	-80-	3	0	0	4	0	1	0
[439]	-81-	0	0	0	1	0	1	0
[439]	-82-	1	0	0	2	0	1	0
[439]	-83-	1	0	0	2	0	1	0
[439]	-84-	1	0	0	2	0	1	0
[439]	-85-	1	0	0	2	0	1	0
[439]	-86-	1	0	0	2	0	1	0
[439]	-87-	0	0	0	1	0	1	0
[439]	-88-	1	0	0	2	0	1	0
[439]	-89-	1	0	0	2	0	1	0
[439]	-90-	2	0	0	3	0	1	0
[439]	-91-	2	0	0	3	0	1	0
[439]	-92-	1	0	0	2	0	1	0
[439]	-93-	1	0	0	2	0	1	0
[439]	-94-	0	0	0	1	0	1	0
[439]	-95-	1	0	0	2	0	1	0
[439]	-96-	1	0	0	2	0	1	0
[439]	-97-	0	0	0	1	0	1	0
[439]	-98-	2	0	0	3	0	1	0
[439]	-99-	2	0	0	3	0	1	0
[439]	-100-	2	0	0	3	0	1	0
[439]	-101-	1	0	0	2	0	1	0
[439]	-102-	1	0	0	2	0	1	0
[439]	-103-	4	0	0	5	0	1	0
[439]	-104-	0	0	0	1	0	1	0
[439]	-105-	2	0	0	3	0	1	0
[439]	-106-	2	0	0	3	0	1	0
[439]	-107-	0	0	0	1	0	1	0
[439]	-108-	0	0	0	1	0	1	0
[439]	-109-	1	0	0	2	0	1	0
[439]	-110-	2	0	0	3	0	1	0
[439]	-111-	0	0	0	1	0	1	0
[439]	-112-	3	0	0	4	0	1	0
[439]	-113-	0	0	0	1	0	1	0
[439]	-114-	0	0	0	1	0	1	0
[439]	-115-	0	0	0	1	0	1	0
[439]	-116-	0	0	0	1	0	1	0
[439]	-117-	3	0	0	4	0	1	0
[439]	-118-	0	0	0	1	0	1	0
[439]	-119-	0	0	0	1	0	1	0
[439]	-120-	2	0	0	3	0	1	0
[439]	-121-	0	0	0	1	0	1	0
[439]	-122-	0	0	0	1	0	1	0
[87]	-0-	12	1	1	16	1	0	0
[87]	-1-	5	0	0	6	0	1	0
[833]	-0-	2	0	0	7	1	1	0
[823]	-0-	8	0	0	12	1	1	0
[106]	-0-	17	1	1	21	1	0	0
[106]	-1-	5	0	0	6	0	1	0
[713]	-0-	5	0	0	10	1	1	0
[137]	-0-	6	0	1	9	1	0	0
[619]	-0-	3	0	0	8	1	1	0
[811]	-0-	1	0	0	2	0	1	0
[251]	-0-	1	0	0	2	0	1	1
[89]	-0-	35	1	0	39	1	1	0
[89]	-1-	2	0	1	3	0	0	0
[618]	-0-	4	0	0	9	1	1	1
[539]	-0-	17	0	0	18	0	1	0
[539]	-1-	0	0	0	1	0	1	0
[539]	-2-	0	0	0	1	0	1	0
[539]	-3-	1	0	0	2	0	1	0
[577]	-0-	4	0	0	9	1	1	0
[277]	-0-	1	0	0	2	0	1	0
[320]	-0-	0	0	0	1	0	1	0
[446]	-0-	15	0	0	16	0	1	0
[446]	-1-	0	0	0	1	0	1	0
[446]	-2-	1	0	0	2	0	1	0
[446]	-3-	1	0	0	2	0	1	0
[869]	-0-	4	0	0	9	1	1	0
[172]	-0-	8	0	1	11	1	0	0
[786]	-0-	5	0	0	10	1	1	0
[832]	-0-	5	0	0	10	1	1	0
[526]	-0-	2	0	0	7	1	1	0
[735]	-0-	6	0	0	11	1	1	0
[522]	-0-	0	0	0	1	0	1	0
[522]	-1-	0	0	0	1	0	1	0
[472]	-0-	0	0	0	1	0	1	0
[611]	-0-	2	0	0	3	0	1	0
[611]	-1-	1	0	0	2	0	1	0
[603]	-0-	1	0	0	2	0	1	0
[603]	-1-	17	0	0	18	0	1	0
[745]	-0-	0	0	0	1	0	1	0
[745]	-1-	3	0	0	4	0	1	0
[631]	-0-	0	0	0	1	0	1	0
[631]	-1-	2	0	0	3	0	1	0
[779]	-0-	3	0	0	8	1	1	0
[617]	-0-	1	0	0	6	1	1	0
[677]	-0-	6	0	0	11	1	1	0
[666]	-0-	7	0	0	12	1	1	0
[88]	-0-	12	0	1	15	1	0	0
[685]	-0-	8	0	0	13	1	1	0
---	---	---	---	---	---	---	---	---
[all]		9746	51	122	13506	662	1375	385
